0.162175,0.292123
0.777154,0.458571
0.355632,0.58504
0.599536,0.980438
0.825373,0.783013
0.622456,0.478561
0.805597,0.926847
0.609027,0.215491
0.601154,0.238227
0.600055,0.0343638
0.921262,0.984893
0.353069,0.530229
0.337901,0.0296335
0.0976592,0.764824
0.0760521,0.818232
0.0259713,0.266518
0.400678,0.567186
0.751,0.285623
0.00921659,0.81753
0.947874,0.654775
0.275704,0.0408338
0.0513016,0.885128
0.11829,0.830134
0.228736,0.114414
0.933683,0.00894192
0.545976,0.569964
0.678671,0.257973
0.698508,0.428449
0.156133,0.649068
0.76809,0.594897
0.205451,0.241493
0.251534,0.179357
0.0423902,0.206397
0.32725,0.140843
0.498642,0.176092
0.513504,0.919034
0.220496,0.274941
0.149663,0.562914
0.0375988,0.387341
0.293863,0.120914
0.514634,0.164251
0.435224,0.332652
0.107852,0.267098
0.613605,0.0157476
0.619037,0.235389
0.858211,0.488266
0.546617,0.51912
0.450606,0.883633
0.573656,0.78637
0.241371,0.316141
0.279824,0.379009
0.541185,0.868191
0.86285,0.608661
0.0480361,0.0511185
0.223945,0.226325
0.766686,0.837336
0.752464,0.0152898
0.448378,1
0.414655,0.814478
0.472213,0.766167
0.832759,0.479141
0.193457,0.488296
0.262246,0.570391
0.664327,0.582293
0.467086,0.253334
0.19895,0.27604
0.696402,0.458632
0.480972,0.521683
0.0308847,0.843715
0.462844,0.0971404
0.323588,0.760186
0.188238,0.164617
0.520737,0.790185
0.850826,0.739586
0.207068,0.794214
0.715445,0.387768
0.0187384,0.967467
0.327616,0.0994293
0.29667,0.809076
0.513901,0.977264
0.339183,0.184973
0.499985,0.30781
0.898587,0.308786
0.641865,0.600604
0.0767235,0.55739
0.626972,0.36671
0.752831,0.50792
0.173498,0.708029
0.506943,0.547075
0.598346,0.562731
0.945463,0.0448317
0.0890835,0.168859
0.677755,0.379833
0.135929,0.400159
0.784631,0.665456
0.91641,0.552568
0.568529,0.171667
0.169561,0.419691
0.742698,0.922025
0.583697,0.575671
0.233558,0.3343
0.633442,0.0521561
0.789941,0.563646
0.318217,0.324046
0.755547,0.247597
0.849605,0.443709
0.511521,0.987304
0.247536,0.689779
0.429487,0.653127
0.982574,0.504227
0.265969,0.0904569
0.910001,0.312082
0.676321,0.701712
0.368969,0.979369
0.0168462,0.880978
0.860866,0.576159
0.265999,0.100894
0.53853,0.0118107
0.87289,0.36549
0.429426,0.803095
0.185156,0.17008
0.833308,0.561815
0.270486,0.385052
0.647938,0.265938
0.422224,0.399426
0.0480361,0.991089
0.306162,0.984283
0.653859,0.557512
0.303903,0.69512
0.868007,0.0570696
0.978118,0.722373
0.478652,0.0565813
0.729331,0.994293
0.753288,0.647755
0.709555,0.875057
0.854793,0.419019
0.537584,0.324503
0.115574,0.405347
0.875118,0.306162
0.175512,0.582842
0.0430921,0.315012
0.27958,0.272958
0.907224,0.596484
0.351939,0.942808
0.141148,0.581133
0.462294,0.0201117
0.896237,0.345286
0.226905,0.0144353
0.682821,0.282723
0.681295,0.0755944
0.476974,0.347606
0.440352,0.282083
0.230293,0.109409
0.217261,0.519059
0.0913114,0.191778
0.8493,0.980773
0.328654,0.817835
0.755333,0.824183
0.225257,0.943907
0.798242,0.430616
0.435804,0.363781
0.176183,0.17954
0.403424,0.0296335
0.739341,0.637898
0.370525,0.640309
0.637593,0.884701
0.0144353,0.809107
0.213904,0.141636
0.182989,0.905911
0.39375,0.891079
0.230995,0.227729
0.920835,0.857753
0.274331,0.292489
0.526505,0.626789
0.469741,0.328593
0.723319,0.831477
0.397259,0.938902
0.972686,0.124119
0.0188604,0.77224
0.539506,0.38612
0.663472,0.240883
0.0180059,0.564013
0.648762,0.614917
0.741111,0.865932
0.702384,0.449873
0.755882,0.815699
0.0171209,0.451582
0.859554,0.685171
0.986023,0.952208
0.989227,0.559893
0.977508,0.496231
0.262551,0.742851
0.747856,0.101505
0.693564,0.474441
0.896939,0.7846
0.39903,0.873043
0.618244,0.744682
0.142766,0.675069
0.773949,0.202765
0.765404,0.696707
0.446699,0.321238
0.535234,0.496933
0.361766,0.502457
0.720359,0.795831
0.185339,0.772362
0.944273,0.695791
0.643849,0.470077
0.347423,0.969848
0.150182,0.571886
0.684378,0.711081
0.0914029,0.549669
0.899655,0.068392
0.122501,0.887265
0.306162,0.0434889
0.679952,0.669973
0.176763,0.601398
0.435408,0.277474
0.00152593,0.435286
0.99942,0.804743
0.138188,0.343638
0.015595,0.206671
0.131108,0.118809
0.61916,0.539445
0.843532,0.182379
0.875332,0.86755
0.931211,0.410321
0.468764,0.271157
0.435713,0.13889
0.3773,0.145085
0.473312,0.320292
0.121738,0.795434
0.104312,0.0720542
0.338389,0.40846
0.260872,0.171819
0.427107,0.564165
0.307718,0.6498
0.314615,0.0512406
0.746391,0.679495
0.256691,0.0320444
0.401105,0.762139
0.259163,0.352245
0.54738,0.395276
0.291086,0.396863
0.797113,0.19779
0.506729,0.909513
0.946318,0.602069
0.977722,0.701743
0.11652,0.293588
0.384381,0.836756
0.308969,0.806543
0.677419,0.158422
3.05185e-05,0.112949
0.947142,0.54152
0.544664,0.089053
0.118564,0.429029
0.9382,0.597461
0.942961,0.0913419
0.126957,0.122654
0.698813,0.955443
0.701651,0.139805
0.740165,0.691702
0.873074,0.257881
0.944304,0.5168
0.00143437,0.859554
0.446181,0.529313
0.810816,0.276894
0.112644,0.587939
0.523362,0.262123
0.118229,0.919462
0.772027,0.857631
0.0993072,0.953154
0.0877102,0.310465
0.831202,0.488266
0.949217,0.893368
0.631123,0.396374
0.348613,0.185156
0.982513,0.971892
0.815485,0.702322
0.83871,0.530473
0.747276,0.195624
0.94586,0.482772
0.40492,0.0523392
0.940214,0.925352
0.295846,0.864681
0.0734886,0.136143
0.614399,0.257118
0.0191961,0.385388
0.911679,0.703787
0.64977,0.119694
0.354808,0.866604
0.129826,0.366588
0.554003,0.212195
0.121128,0.320322
0.400739,0.242836
0.567522,0.895138
0.593524,0.0314341
0.953673,0.544633
0.62038,0.689261
0.803827,0.476089
0.16364,0.66805
0.677358,0.949675
0.752831,0.964599
0.810999,0.0215766
0.685354,0.138432
0.854671,0.933805
0.084109,0.119327
0.424116,0.989257
0.526078,0.624531
0.825251,0.930265
0.522294,0.181768
0.58327,0.149205
0.893094,0.669393
0.832331,0.512009
0.604785,0.561907
0.823267,0.328013
0.216529,0.25309
0.370373,0.329722
0.752739,0.186682
0.104404,0.0536515
0.364971,0.686178
0.627674,0.994568
0.13187,0.971862
0.698447,0.476363
0.535386,0.572405
0.0913114,0.360485
0.219214,0.724723
0.127171,0.0534379
0.915677,0.188421
0.868679,0.548173
0.646687,0.673116
0.733879,0.286081
0.334483,0.703452
0.143773,0.904477
0.129215,0.608936
0.335307,0.185339
0.232368,0.530473
0.769311,0.892087
0.224281,0.197241
0.403943,0.633747
0.551683,0.446791
0.0526749,0.754845
0.809351,0.905515
0.353038,0.0474868
0.0496536,0.979827
0.591754,0.386486
0.731071,0.88229
0.527268,0.105655
0.938017,0.794916
0.761956,0.698386
0.467208,0.16245
0.185766,0.920255
0.77752,0.97528
0.245186,0.572253
0.238929,0.552965
0.336253,0.807733
0.739799,0.0859706
0.872738,0.24311
0.93585,0.109989
0.113681,0.350963
0.176824,0.532243
0.433363,0.0195929
0.635762,0.71569
0.868404,0.667074
0.158666,0.772118
0.8399,0.501358
0.520615,0.97589
0.540208,0.069277
0.902554,0.309488
0.173437,0.116489
0.912595,0.0398572
0.0652181,0.343333
0.659749,0.893521
0.579791,0.954131
0.449263,0.217322
0.605518,0.161382
0.410901,0.690115
0.811823,0.206305
0.575732,0.515763
0.654561,0.611744
0.0359203,0.391095
0.951048,0.0697958
0.357799,0.359569
0.46144,0.112247
0.275613,0.318827
0.0508744,0.627338
0.847285,0.0218207
0.454054,0.995209
0.16126,0.140477
0.53206,0.0644246
0.35609,0.737419
0.178503,0.289193
0.613178,0.814325
0.273721,0.773949
0.910581,0.181097
0.798853,0.213294
0.54384,0.412702
0.830378,0.0259407
0.632557,0.373638
0.682394,0.0312815
0.713675,0.612903
0.500473,0.714438
0.104648,0.771844
0.237373,0.00750755
0.796472,0.514634
0.424268,0.162481
0.210456,0.0837733
0.407086,0.857936
0.448073,0.848201
0.28074,0.0282296
0.1995,0.340342
0.794671,0.932981
0.178716,0.508133
0.536058,0.734306
0.606189,0.157414
0.188208,0.473006
0.519852,0.684286
0.38844,0.806055
0.460555,0.192358
0.159215,0.668783
0.24781,0.353038
0.986724,0.535844
0.645741,0.285562
0.46382,0.102695
0.157567,0.894528
0.591784,0.556658
0.58095,0.481368
0.129704,0.504746
0.486892,0.406995
0.341716,0.100192
0.516831,0.622028
0.69158,0.824213
0.634022,0.392438
0.22602,0.0559709
0.716117,0.812922
0.151677,0.541551
0.171453,0.192602
0.835047,0.469405
0.762017,0.28367
0.330271,0.286294
0.796808,0.018952
0.760186,0.578845
0.0108646,0.0013123
0.576464,0.801569
0.173162,0.677786
0.409284,0.815851
0.4373,0.208869
0.832698,0.997314
0.726859,0.799249
0.958892,0.686056
0.546098,0.335154
0.42964,0.773278
0.169958,0.25721
0.519669,0.0846278
0.416852,0.263588
0.906369,0.473617
0.908597,0.0938444
0.226417,0.308145
0.782189,0.929746
0.437513,0.940275
0.121433,0.450758
0.616199,0.640828
0.0732139,0.314798
0.824183,0.0916471
0.179052,0.149022
0.406964,0.288827
0.870174,0.900082
0.483322,0.147649
0.355815,0.961364
0.367626,0.731162
0.155309,0.737999
0.201941,0.279122
0.787011,0.919828
0.731437,0.743584
0.881405,0.288614
0.53264,0.81518
0.208625,0.859462
0.494034,0.321085
0.0689413,0.371044
0.425031,0.0199896
0.777245,0.937437
0.0624714,0.424604
0.672323,0.207892
0.568346,0.052797
0.609943,0.959868
0.925291,0.65804
0.728935,0.106479
0.577288,0.746391
0.263741,0.409192
0.762139,0.828791
0.4167,0.55681
0.576891,0.0685446
0.0914029,0.933653
0.75866,0.581408
0.873196,0.0419324
0.108646,0.862636
0.78164,0.877194
0.975494,0.116153
0.477157,0.583087
0.833857,0.306162
0.184454,0.20249
0.0454115,0.411176
0.202124,0.557207
0.351115,0.868801
0.422163,0.981414
0.328929,0.434462
0.630238,0.71923
0.280068,0.570788
0.566668,0.198798
0.950591,0.397504
0.283975,0.953063
0.15714,0.430494
0.817927,0.977386
0.774804,0.294198
0.0943022,0.355083
0.349834,0.116794
0.751518,0.486099
0.592486,0.91467
0.799463,0.538987
0.0798059,0.866298
0.767266,0.6545
0.188513,0.0681173
0.44145,0.257881
0.953917,0.017304
0.335704,0.9176
0.608997,0.0883511
0.768242,0.669149
0.172552,0.68984
0.0896634,0.973663
0.956694,0.918119
0.160192,0.310068
0.681631,0.594928
0.222114,0.776238
0.684194,0.738151
0.605365,0.18833
0.244545,0.950163
0.578722,0.840877
0.0472732,0.33842
0.73928,0.256783
0.15363,0.519608
0.743278,0.949095
0.832911,0.854518
0.496384,0.307077
0.905667,0.693106
0.0958892,0.337596
0.335063,0.0977203
0.357616,0.118931
0.571459,0.322977
0.652577,0.277474
0.139317,0.965941
0.122623,0.814112
0.0160527,0.605548
0.486068,0.11539
0.896756,0.0552995
0.937925,0.313028
0.525986,0.652699
0.937284,0.0553606
0.943022,0.565416
0.679281,0.902127
0.0577715,0.938627
0.185369,0.0704672
0.16187,0.479232
0.776116,0.285195
0.587054,0.0165716
0.242225,0.102237
0.781396,0.00405896
0.159642,0.43379
0.9953,0.0819727
0.861415,0.466048
0.423444,0.488968
0.224464,0.170141
0.781213,0.747002
0.830653,0.000793481
0.752647,0.0806299
0.348247,0.70809
0.178503,0.100894
0.298441,0.636799
0.263619,0.0113529
0.0101321,0.363384
0.020539,0.631764
0.278481,0.178655
0.712973,0.549821
0.541185,0.456679
0.351939,0.589038
0.57625,0.435072
0.337474,0.873287
0.883908,0.671285
0.793847,0.187689
0.874813,0.607593
0.242988,0.0252998
0.336894,0.0165105
0.693411,0.143864
0.82403,0.436567
0.286843,0.816157
0.864986,0.793512
0.223029,0.815027
0.901273,0.0216987
0.26603,0.931791
0.144292,0.360576
0.38023,0.71749
0.520249,0.373974
0.727836,0.941496
0.745384,0.684378
0.842158,0.570971
0.937254,0.977599
0.339702,0.644826
0.839717,0.200262
0.393597,0.480453
0.854457,0.473098
0.992218,0.413953
0.68508,0.541948
0.503067,0.30488
0.454695,0.0391858
0.465224,0.348796
0.947935,0.518693
0.536424,0.136601
0.639729,0.430158
0.662679,0.157872
0.620624,0.922361
0.593402,0.171789
0.26307,0.690359
0.260933,0.748833
0.0721763,0.0764794
0.750786,0.233558
0.660085,0.63506
0.454695,0.281106
0.21659,0.985931
0.928678,0.723594
0.416578,0.418836
0.153142,0.714011
0.214423,0.233863
0.533006,0.139317
0.421979,0.795892
0.907071,0.185003
0.354289,0.645985
0.529832,0.778008
0.112339,0.620106
0.741203,0.382977
0.981079,0.217841
0.814295,0.371349
0.348277,0.0164495
0.439406,0.712973
0.528764,0.308115
0.148625,0.638142
0.0143437,0.688467
0.807367,0.932188
0.753166,0.982208
0.551653,0.518693
0.495102,0.545396
0.813471,0.899869
0.766564,0.855647
0.257393,0.0753197
0.356853,0.0475173
0.0529496,0.767968
0.469558,0.409101
0.794702,0.584887
0.302194,0.035371
0.724784,0.983459
0.639119,0.364483
0.41612,0.451033
0.932646,0.105533
0.119572,0.721976
0.598987,0.448347
0.768303,0.558977
0.638844,0.405164
0.349132,0.167394
0.11124,0.591266
0.582995,0.344707
0.486618,0.384533
0.822657,0.911679
0.39079,0.793481
0.240761,0.334605
0.953032,0.834162
0.87167,0.362133
0.445723,0.188849
0.962371,0.798547
0.994324,0.877957
0.712455,0.276376
0.462508,0.149205
0.125034,0.416578
0.827021,0.0883206
0.569445,0.99237
0.679556,0.0775475
0.0628987,0.860225
0.0778222,0.688772
0.689077,0.0310373
0.811701,0.92346
0.298532,0.252449
0.0389111,0.395306
0.567431,0.866146
0.0361339,0.355327
0.530686,0.35136
0.120945,0.518296
0.783197,0.70452
0.765954,0.451979
0.472518,0.892483
0.724723,0.270486
0.274026,0.378796
0.886166,0.475723
0.92938,0.898434
0.535325,0.824427
0.864895,0.493271
0.451582,0.459365
0.160436,0.354137
0.474319,0.772118
0.487899,0.080813
0.942045,0.848598
0.858852,0.232276
0.359447,0.673605
0.574847,0.00814844
0.456435,0.395886
0.643422,0.577807
0.675741,0.890255
0.00936918,0.706137
0.736869,0.832362
0.151006,0.37019
0.882931,0.589404
0.0350658,0.833888
0.139714,0.686666
0.910245,0.728874
0.195318,0.41203
0.349223,0.539354
0.621296,0.030427
0.0318613,0.0643635
0.89526,0.566271
0.223029,0.505844
0.721061,0.509445
0.975036,0.482681
0.0780663,0.127812
0.673635,0.437605
0.986419,0.676748
0.965545,0.690634
0.343883,0.558306
0.984619,0.992798
0.411084,0.589221
0.873836,0.286325
0.65978,0.370952
0.460829,0.621387
0.451704,0.0279855
0.449629,0.94586
0.824824,0.983734
0.484542,0.522141
0.367779,0.280496
0.690848,0.396222
0.991333,0.178045
0.191839,0.173833
0.45912,0.205573
0.970794,0.418836
0.72982,0.584216
0.40846,0.49263
0.578539,0.777093
0.434889,0.0968047
0.433607,0.0715354
0.689108,0.839167
0.595416,0.478347
0.732566,0.203742
0.630573,0.753166
0.359935,0.688345
0.89526,0.120762
0.518265,0.110324
0.350322,0.924039
0.253365,0.0331736
0.480056,0.866909
0.267953,0.541551
0.0123905,0.659719
0.532182,0.285501
0.363781,0.50267
0.225349,0.00497452
0.0983306,0.182195
0.954497,0.908292
0.928892,0.751
0.863826,0.992065
0.809412,0.673727
0.723746,0.455397
0.987304,0.756493
0.366985,0.436018
0.418806,0.058504
0.987396,0.905637
0.788018,0.61037
0.709555,0.355571
0.0489517,0.0661031
0.133457,0.0422987
0.493362,0.570086
0.664876,0.290353
0.038728,0.572649
0.165685,0.87051
0.498703,0.540513
0.474776,0.418592
0.408826,0.42024
0.496963,0.305887
0.885769,0.595355
0.928343,0.450514
0.681753,0.495224
0.497848,0.406018
0.216712,0.283059
0.717277,0.369762
0.566424,0.675344
0.959258,0.929807
0.808954,0.600909
0.130528,0.6845
0.520096,0.0202948
0.489364,0.379528
0.51503,0.621876
0.411237,0.51381
0.252724,0.51854
0.260048,0.0556963
0.464644,0.762139
0.727897,0.621876
0.544511,0.701834
0.0994598,0.449171
0.502914,0.327525
0.388714,0.427686
0.739402,0.28724
0.166509,0.265847
0.609088,0.663076
0.57622,0.404126
0.888485,0.357768
0.0973235,0.551744
0.934935,0.599353
0.288858,0.457411
0.395978,0.674032
0.198767,0.277627
0.0408948,0.786187
0.990143,0.768212
0.363079,0.835841
0.696951,0.476577
0.706565,0.863369
0.329783,0.806696
0.992492,0.951506
0.224616,0.917234
0.593127,0.296518
0.677541,0.503861
0.783197,0.685141
0.54445,0.0367748
0.718558,0.906766
0.00473037,0.134281
0.176519,0.449019
0.927122,0.866359
0.578631,0.583728
0.127812,0.18128
0.316874,0.0138249
0.927427,0.683767
0.228309,0.0244758
0.976409,0.886319
0.695761,0.788263
0.188879,0.498611
0.324473,0.0292978
0.522843,0.312693
0.504166,0.74929
0.0730613,0.843898
0.760552,0.539354
0.143406,0.408856
0.343364,0.936979
0.227851,0.840815
0.846828,0.773766
0.693289,0.063509
0.945311,0.0357982
0.750023,0.192145
0.424909,0.179144
0.17127,0.143712
0.649342,0.481674
0.751427,0.856197
0.262703,0.437208
0.813654,0.463668
0.288949,0.305948
0.0368969,0.648091
0.956664,0.261177
0.131748,0.395734
0.485153,0.983917
0.652486,0.657704
0.154424,0.0465407
0.565569,0.370006
0.45088,0.894742
0.995392,0.0954314
0.46794,0.784051
0.116764,0.796716
0.836512,0.993164
0.568163,0.354015
0.790399,0.292215
0.503006,0.531724
0.690786,0.269326
0.134556,0.205695
0.710135,0.530564
0.0657674,0.301279
0.00323496,0.965178
0.864467,0.0679037
0.98587,0.70159
0.652577,0.818445
0.791436,0.917325
0.893735,0.00482192
0.746208,0.681326
0.10535,0.584857
0.235725,0.330454
0.772485,0.832606
0.640706,0.37907
0.590045,0.935179
0.832728,0.920316
0.574053,0.354472
0.644398,0.824488
0.536393,0.894589
0.928129,0.51735
0.529374,0.396313
0.0344554,0.207129
0.0136723,0.14658
0.655171,0.964171
0.580218,0.721946
0.648488,0.765282
0.839961,0.104495
0.726707,0.171636
0.345592,0.490005
0.0895413,0.690878
0.841578,0.268899
0.958983,0.339549
0.598804,0.0488907
0.618519,0.915922
0.752007,0.451613
0.174047,0.542131
0.433882,0.6433
0.686789,0.214789
0.275826,0.847621
0.996155,0.435408
0.00863674,0.514786
0.716239,0.208441
0.884945,0.744041
0.568102,0.499771
0.536058,0.279733
0.400861,0.928739
0.942839,0.804743
0.596484,0.937468
0.758049,0.747703
0.567095,0.69335
0.375896,0.955229
0.6404,0.202795
0.902615,0.248726
0.279489,0.80282
0.617939,0.308542
0.336955,0.0248115
0.524613,0.345042
0.628376,0.719108
0.465102,0.243751
0.37608,0.63683
0.162389,0.721061
0.723563,0.222938
0.797388,0.873959
0.415418,0.373943
0.773278,0.848567
0.0336314,0.687613
0.333934,0.610065
0.0154118,0.626881
0.669149,0.130284
0.544694,0.201758
0.739555,0.339915
0.385662,0.988769
0.0585955,0.111423
0.201392,0.836818
0.588183,0.523362
0.311838,0.818323
0.2472,0.750023
0.51793,0.959532
0.570055,0.278481
0.962462,0.940672
0.401257,0.221259
0.429151,0.561022
0.858791,0.0979644
0.265328,0.63567
0.457656,0.392163
0.865719,0.0476089
0.723777,0.757073
0.521378,0.753075
0.940275,0.376415
0.508957,0.828211
0.98291,0.373272
0.732688,0.156896
0.484024,0.21424
0.12125,0.516068
0.207648,0.274636
0.680563,0.883816
0.653005,0.893185
0.385662,0.358226
0.731132,0.201758
0.956236,0.252297
0.163793,0.816309
0.903195,0.521683
0.616321,0.795251
0.904294,0.481155
0.806513,0.720176
0.390149,0.694815
0.337596,0.481735
0.616413,0.189825
0.0310984,0.0942717
0.0311289,0.673116
0.359478,0.902707
0.870785,0.218665
0.502823,0.290078
0.569384,0.851985
0.482406,0.115818
0.480544,0.523606
0.185736,0.538804
0.919889,0.552995
0.656789,0.59035
0.700797,0.140934
0.0451064,0.455306
0.59624,0.739067
0.9429,0.714316
0.418653,0.914945
0.607624,0.386853
0.0983917,0.0772729
0.452528,0.75869
0.924863,0.172185
0.310434,0.529221
0.643483,0.562334
0.746452,0.661153
0.45912,0.441084
0.0358898,0.605274
0.243263,0.00512711
0.324747,0.866268
0.718558,0.689505
0.596545,0.388043
0.205329,0.920743
0.579821,0.916135
0.5356,0.0815149
0.00671407,0.45558
0.430494,0.93292
0.734336,0.780786
0.458998,0.557939
0.721091,0.00762963
0.992584,0.0414136
0.742393,0.27131
0.783654,0.12244
0.347758,0.251106
0.332865,0.584338
0.990966,0.245735
0.869167,0.798578
0.312479,0.744957
0.246925,0.639363
0.585711,0.00531022
0.929167,0.426099
0.778222,0.929655
0.793634,0.854427
0.361492,0.517258
0.104404,0.692618
0.0791345,0.575671
0.508225,0.317331
0.219642,0.718925
0.956298,0.649373
0.240364,0.401166
0.0568865,0.822871
0.410596,0.810541
0.539354,0.865291
0.531449,0.635426
0.839747,0.502701
0.151097,0.316324
0.736412,0.260567
0.925901,0.112796
0.292367,0.0902738
0.113193,0.718925
0.713675,0.687277
0.902982,0.788049
0.261605,0.0200507
0.438887,0.162999
0.724723,0.16364
0.224097,0.774743
0.759301,0.561174
0.673452,0.525254
0.465896,0.529252
0.637226,0.907987
0.970519,0.434858
0.647938,0.991943
0.358013,0.93701
0.577593,0.0657063
0.86697,0.730766
0.262062,0.373058
0.333567,0.0984527
0.531816,0.500656
0.545305,0.662893
0.706137,0.198981
0.226264,0.644856
0.79577,0.0916776
0.795129,0.0693991
0.539964,0.31663
0.565477,0.53029
0.721183,0.331431
0.937864,0.370312
0.784478,0.571825
0.152287,0.812799
0.233772,0.752678
0.828669,0.0484634
0.647206,0.292184
0.888028,0.883633
0.543626,0.888577
0.356182,0.922056
0.460891,0.374645
0.85699,0.168249
0.435163,0.937651
0.175634,0.635639
0.171453,0.000732444
0.0937223,0.692251
0.558061,0.19306
0.504624,0.409803
0.345256,0.338023
0.34846,0.955687
0.333781,0.555925
0.237892,0.795251
0.574175,0.180486
0.718192,0.11774
0.236,0.471114
0.423597,0.481002
0.318522,0.246529
0.85873,0.405194
0.249367,0.182836
0.772851,0.905728
0.412641,0.431898
0.205145,0.475143
0.818598,0.404767
0.0839259,0.982696
0.449965,0.530076
0.525437,0.0396741
0.271187,0.717612
0.332469,0.168249
0.94116,0.734275
0.0226753,0.916715
0.329966,0.764519
0.337626,0.437178
0.710898,0.89816
0.816401,0.560076
0.364391,0.303201
0.875362,0.386395
0.862331,0.970428
0.876614,0.412793
0.393048,0.989929
0.761834,0.754295
0.185308,0.413526
0.133488,0.393872
0.218757,0.488571
0.107761,0.18186
0.484146,0.623188
0.407086,0.220954
0.926267,0.214972
0.841121,0.000946074
0.0765709,0.423139
0.88168,0.8258
0.587268,0.793146
0.814783,0.498184
0.477828,0.00759911
0.826685,0.273812
0.943632,0.967345
0.276986,0.739341
0.937559,0.589251
0.403272,0.675954
0.6198,0.824702
0.784204,0.889431
0.717429,0.660665
0.889035,0.442518
0.189703,0.781426
0.566607,0.707999
0.743645,0.968017
0.130253,0.546068
0.181524,0.876461
0.151311,0.432203
0.644124,0.844691
0.102115,0.383251
0.6751,0.628193
0.791467,0.323405
0.329814,0.561785
0.567156,0.589312
0.638936,0.743492
0.968352,0.0534684
0.71041,0.761498
0.613758,0.0890835
0.835322,0.165593
0.841304,0.173284
0.551866,0.221168
0.866268,0.142094
0.122593,0.938719
0.0999481,0.745384
0.590167,0.532945
0.489608,0.715171
0.203681,0.28193
0.377331,0.160131
0.902341,0.682241
0.579302,0.442518
0.441786,0.283853
0.450484,0.995972
0.393231,0.0361644
0.150151,0.351787
0.567125,0.728355
0.377514,0.92233
0.83285,0.160314
0.189917,0.174383
0.810266,0.315806
0.957945,0.42204
0.412549,0.34608
0.129185,0.230689
0.399213,0.147099
0.0144353,0.1189
0.850795,0.198248
0.213813,0.107974
0.631397,0.0305185
0.322092,0.115787
0.609027,0.744469
0.829859,0.121036
0.741539,0.489578
0.556688,0.0398572
0.678304,0.167547
0.0436415,0.498367
0.822779,0.917417
0.136601,0.646779
0.981872,0.941771
0.518662,0.338664
0.356151,0.109897
0.112644,0.972808
0.0114139,0.968352
0.831813,0.203925
0.304178,0.90408
0.236244,0.0540788
0.730705,0.627033
0.0134281,0.893796
0.609394,0.876858
0.845485,0.438704
0.251534,0.00943022
0.740013,0.145665
0.760399,0.572802
0.217841,0.425886
0.93057,0.701804
0.444411,0.955351
0.00640889,0.388318
0.346202,0.351054
0.272408,0.135014
0.220008,0.718253
0.92349,0.687674
0.801233,0.109867
0.318949,0.877438
0.559008,0.557573
0.364238,0.010773
0.714927,0.150945
0.915159,0.895718
0.321207,0.763665
0.196661,0.574389
0.937284,0.0127262
0.460524,0.395032
0.775506,0.406384
0.252358,0.512131
0.412854,0.231788
0.0372631,0.689352
0.039491,0.634449
0.58211,0.305979
0.504501,0.617939
0.734489,0.0278634
0.872158,0.0224921
0.863155,0.164739
0.356853,0.463027
0.667013,0.201025
0.884548,0.988525
0.912503,0.562975
0.475112,0.678732
0.250526,0.362163
0.588061,0.0935087
0.577197,0.356182
0.783502,0.339702
0.0835597,0.806513
0.860012,0.742332
0.550066,0.90466
0.10538,0.906735
0.338023,0.595325
0.504135,0.0364086
0.676168,0.470962
0.469863,0.80401
0.111393,0.0597552
0.0259102,0.641957
0.476272,0.0662252
0.413526,0.337809
0.630146,0.375042
0.263802,0.871609
0.446608,0.551683
0.176275,0.987671
0.0450758,0.33845
0.488052,0.398785
0.18186,0.758232
0.106204,0.733818
0.408948,0.220618
0.479476,0.0694601
0.346995,0.498489
0.270913,0.978759
0.0858181,0.305246
0.836268,0.471725
0.742576,0.733146
0.206977,0.65688
0.139012,0.609699
0.928922,0.653188
0.952544,0.278115
0.83816,0.792016
0.363048,0.0813929
0.247108,0.0718101
0.846461,0.718528
0.72573,0.962981
0.628407,0.634419
0.227943,0.748955
0.682546,0.73162
0.241798,0.990387
0.036256,0.0565813
0.914792,0.512894
0.1236,0.376812
0.895321,0.315958
0.264657,0.757927
0.486099,0.474013
0.699789,0.969939
0.0995514,0.846522
0.414289,0.28193
0.609149,0.306131
0.0126652,0.764855
0.548814,0.192938
0.192969,0.376782
0.818598,0.675588
0.88876,0.776238
0.321543,0.0688803
0.336528,0.159062
0.610492,0.419721
0.443709,0.22544
0.443678,0.534196
0.145878,0.415876
0.00979644,0.369274
0.191321,0.595508
0.961028,0.33726
0.637379,0.410657
0.16776,0.487289
0.30018,0.751488
0.461989,0.267556
0.564989,0.0470901
0.988495,0.108554
0.706961,0.925779
0.0388806,0.737693
0.383862,0.699118
0.355815,0.827906
0.367351,0.910489
0.957121,0.757378
0.00759911,0.760338
0.20069,0.100894
0.287606,0.998047
0.300241,0.103305
0.7799,0.0851161
0.34199,0.252968
0.756188,0.46025
0.0373852,0.699118
0.28489,0.285318
0.614582,0.80874
0.676443,0.320963
0.209723,0.228797
0.354839,0.297342
0.311655,0.0263985
0.489303,0.775658
0.143773,0.64391
0.241432,0.613727
0.556291,0.826991
0.415052,0.995086
0.79931,0.174902
0.846644,0.558458
0.170751,0.928678
0.871792,0.31135
0.827326,0.835871
0.972533,0.298013
0.71572,0.393414
0.407575,0.328318
0.804102,0.450667
0.230049,0.526872
0.0461135,0.943876
0.17481,0.750816
0.346049,0.00982696
0.100467,0.109684
0.865383,0.743553
0.627247,0.832881
0.187506,0.392712
0.160772,0.928281
0.722587,0.501694
0.347728,0.646413
0.482681,0.711936
0.330668,0.814692
0.701071,0.511368
0.200751,0.413648
0.121525,0.77398
0.987762,0.148198
0.404096,0.566149
0.758873,0.224403
0.23777,0.652028
0.741691,0.765648
0.882748,0.525346
0.994354,0.259774
0.363659,0.608722
0.819849,0.148137
0.94525,0.664937
0.121891,0.654836
0.127995,0.710868
0.142064,0.387036
0.150578,0.217566
0.596576,0.404767
0.0457167,0.377148
0.350383,0.642506
0.537522,0.494339
0.0339061,0.508713
0.477889,0.460799
0.778405,0.0963164
0.513352,0.730491
0.431806,0.61153
0.102695,0.513932
0.00497452,0.958617
0.0195013,0.741264
0.662923,0.713981
0.0209357,0.893033
0.539903,0.993042
0.21659,0.133274
0.310312,0.476791
0.616596,0.772973
0.308878,0.145543
0.176336,0.660268
0.516343,0.31431
0.151585,0.0336314
0.837672,0.48735
0.937407,0.476485
0.69396,0.865444
0.943754,0.118809
0.0859096,0.628803
0.846034,0.0899686
0.526078,0.984252
0.951537,0.986511
0.460067,0.297647
0.327067,0.698233
0.10242,0.933439
0.346904,0.306101
0.93115,0.215155
0.485794,0.266091
0.770653,0.186712
0.152867,0.90878
0.463363,0.152043
0.819971,0.296762
0.996246,0.673757
0.45671,0.453383
0.659963,0.971068
0.388562,0.245582
0.949553,0.026307
0.697989,0.66097
0.869411,0.460372
0.577746,0.902646
0.304605,0.961303
0.456343,0.692129
0.593768,0.833552
0.368511,0.597949
0.559923,0.11185
0.241249,0.196142
0.141057,0.606006
0.495499,0.130284
0.960906,0.200171
0.21308,0.525864
0.852565,0.882107
0.568651,0.538316
0.0399487,0.69689
0.537004,0.556658
0.776971,0.742973
0.0460219,0.364483
0.337718,0.0292978
0.185095,0.317148
0.175817,0.139775
0.084872,0.372204
0.903562,0.442244
0.763787,0.540788
0.372906,0.649342
0.334391,0.772362
0.602039,0.67803
0.417707,0.135105
0.766869,0.911222
0.846644,0.776482
0.0779443,0.638813
0.876064,0.25605
0.412336,0.827021
0.385113,0.94586
0.187689,0.0383923
0.754234,0.751701
0.134373,0.920713
0.606922,0.828059
0.125828,0.110141
0.45912,0.134831
0.88226,0.847926
0.172582,0.555284
0.728233,0.913663
0.500504,0.79461
0.0932646,0.548265
0.952055,0.415082
0.467452,0.0583209
0.966002,0.966582
0.141636,0.476974
0.341868,0.809778
0.385052,0.224433
0.241737,0.757256
0.00122074,0.915311
0.847285,0.196753
0.0962859,0.391583
0.532792,0.364605
0.178472,0.659047
0.0532243,0.0691244
0.0266732,0.814264
0.824274,0.437361
0.830073,0.588702
0.858486,0.491195
0.791528,0.715049
0.666066,0.610004
0.0979949,0.934263
0.469649,0.867336
0.467788,0.736503
0.502762,0.238899
0.956572,0.808954
0.869015,0.926908
0.66216,0.273904
0.45848,0.747612
0.467422,0.516037
0.301584,0.776269
0.123722,0.351238
0.558214,0.657216
0.0488296,0.389752
0.851436,0.981689
0.215369,0.608966
0.605152,0.152532
0.886135,0.350932
0.374462,0.936857
0.512223,0.865902
0.945708,0.331217
0.792291,0.213935
0.765618,0.263253
0.616993,0.393078
0.397443,0.772149
0.700217,0.704062
0.712638,0.703665
0.652913,0.420209
0.747215,0.526475
0.557024,0.637013
0.237556,0.837794
0.801721,0.970306
0.734611,0.983856
0.366619,0.525834
0.0986969,0.355632
0.506638,0.477706
0.597552,0.131596
0.728416,0.101474
0.955168,0.973235
0.79873,0.677389
0.972289,0.982269
0.166997,0.51445
0.491073,0.00924711
0.0802332,0.894894
0.572314,0.0433668
0.271218,0.954833
0.351024,0.00357067
0.358409,0.621296
0.601215,0.324412
0.0908841,0.250008
0.926939,0.360881
0.51616,0.968444
0.76928,0.730979
0.206061,0.78927
0.702628,0.643849
0.245308,0.619098
0.759423,0.901547
0.598315,0.0381176
0.22013,0.643513
0.277749,0.438124
0.320414,0.359172
0.975005,0.898099
0.135929,0.61214
0.161718,0.566637
0.249519,0.38493
0.462752,0.373974
0.747642,0.700064
0.944548,0.398816
0.170598,0.640553
0.414441,0.572497
0.286905,0.574786
0.0103153,0.623554
0.608783,0.359264
0.265694,0.384899
0.0820032,0.328349
0.31135,0.253456
0.802271,0.131413
0.515275,0.822596
0.245491,0.034669
0.132145,0.20072
0.589221,0.189306
0.474288,0.359569
0.613575,0.59563
0.92877,0.733085
0.539079,0.142369
0.583148,0.216102
0.952544,0.270821
0.328532,0.734489
0.931608,0.739067
0.512131,0.491073
0.282418,0.368603
0.969787,0.475723
0.368938,0.730125
0.705985,0.30549
0.42375,0.201941
0.465651,0.587848
0.774926,0.749687
0.879269,0.21305
0.767937,0.950163
0.828242,0.485305
0.672048,0.0224921
0.337535,0.169591
0.674093,0.908292
0.631489,0.0236824
0.36845,0.987152
0.411176,0.637226
0.929929,0.299448
0.417249,0.545549
0.738701,0.202887
0.849666,0.383587
0.323771,0.555712
0.292398,0.753838
0.3773,0.93994
0.886227,0.25898
0.193823,0.131626
0.0276498,0.988556
0.525681,0.506699
0.849452,0.879879
0.820002,0.178198
0.337748,0.150884
0.11948,0.852931
0.504501,0.586077
0.411573,0.592669
0.705405,0.284982
0.347606,0.649617
0.345256,0.479476
0.681112,0.0553911
0.808374,0.402814
0.528703,0.166204
0.969451,0.830744
0.56505,0.873104
0.0372326,0.627064
0.765709,0.288858
0.380535,0.829157
0.867885,0.539598
0.520737,0.333476
0.0804468,0.739769
0.656545,0.913907
0.350475,0.271554
0.320811,0.470809
0.446181,0.954253
0.278329,0.0806299
0.861354,0.504807
0.668905,0.583667
0.755669,0.890896
0.390942,0.482894
0.57033,0.763024
0.329905,0.228126
0.238411,0.489883
0.74868,0.0141301
0.373821,0.0298166
0.28956,0.819422
0.748741,0.344829
0.334758,0.220801
0.38255,0.804071
0.956969,0.504105
0.0427259,0.646413
0.0891751,0.0773949
0.831599,0.249184
0.0149846,0.942534
0.191687,0.688345
0.58858,0.0412305
0.720725,0.639241
0.280618,0.509476
0.950621,0.213141
0.487045,0.204291
0.244392,0.49675
0.453597,0.571154
0.72396,0.397076
0.386578,0.156163
0.628864,0.92996
0.135777,0.468093
0.816309,0.217872
0.0550859,0.31431
0.0260323,0.0432142
0.600024,0.188726
0.430464,0.205481
0.319773,0.67101
0.772271,0.605426
0.140233,0.167455
0.378094,0.480636
0.17542,0.166082
0.878903,0.36607
0.187109,0.843043
0.712516,0.76046
0.628529,0.764
0.852138,0.764733
0.417005,0.63274
0.458937,0.688711
0.686819,0.770562
0.499496,0.864528
0.533036,0.648762
0.803156,0.138798
0.160192,0.413617
0.35667,0.182379
0.752129,0.638905
0.121464,0.117283
0.207221,0.938994
0.294778,0.418195
0.371349,0.848781
0.900327,0.120762
0.923032,0.468429
0.587848,0.203681
0.886746,0.00424207
0.94348,0.671621
0.206427,0.173956
0.149297,0.872616
0.68157,0.369854
0.759362,0.506638
0.334941,0.289102
0.318033,0.758568
0.614154,0.494797
0.155492,0.929868
0.633839,0.304575
0.927396,0.752434
0.617695,0.532334
0.757866,0.459212
0.205664,0.74987
0.106388,0.322275
0.384075,0.599017
0.131718,0.0313425
0.929533,0.762535
0.219703,0.583819
0.103916,0.0618305
0.729576,0.293466
0.380779,0.0747093
0.031251,0.50502
0.718802,0.328379
0.681845,0.774621
0.410565,0.911557
0.486953,0.521439
0.358684,0.695669
0.618946,0.560778
0.049501,0.963103
0.515915,0.259041
0.290811,0.85284
0.43788,0.0212714
0.585498,0.0513627
0.723899,0.501175
0.446272,0.365429
0.878018,0.554582
0.12363,0.721946
0.949858,0.0459304
0.916013,0.778283
0.76989,0.266671
0.55974,0.857662
0.557756,0.728874
0.977844,0.927946
0.39198,0.594104
0.933866,0.795434
0.902066,0.517258
0.0562151,0.275613
0.336711,0.546007
0.657491,0.677969
0.12946,0.716056
0.148412,0.182989
0.93347,0.0248115
0.333506,0.357494
0.282785,0.574694
0.809168,0.0455336
0.463088,0.703024
0.91409,0.491867
0.216742,0.773827
0.351024,0.685476
0.555681,0.808954
0.732994,0.500046
0.380474,0.811518
0.181249,0.37553
0.991424,0.765099
0.410413,0.512711
0.707846,0.3867
0.63686,0.728355
0.109226,0.0510269
0.670522,0.572131
0.204138,0.101962
0.21717,0.483261
0.099826,0.0482192
0.92465,0.988861
0.884976,0.794366
0.0958586,0.719108
0.784478,0.566912
0.770226,0.590014
0.258156,0.386029
0.603046,0.830836
0.851833,0.923063
0.173284,0.350993
0.376019,0.957335
0.398907,0.471267
0.908139,0.136204
0.936125,0.176092
0.367321,0.0694296
0.626423,0.934538
0.440443,0.778039
0.10361,0.958251
0.987121,0.0746483
0.113193,0.906339
0.607654,0.145634
0.0554521,0.936399
0.0266121,0.404584
0.0934782,0.174474
0.285531,0.41261
0.397046,0.769799
0.514664,0.533036
0.0267037,0.00723289
0.710746,0.837153
0.795007,0.0677206
0.503922,0.66863
0.360057,0.647359
0.0152593,0.844905
0.939207,0.245979
0.747154,0.111667
0.865383,0.708487
0.0296945,0.670949
0.184027,0.521592
0.0519425,0.903439
0.452406,0.614032
0.997894,0.117618
0.0745262,0.857936
0.84817,0.857936
0.214698,0.286172
0.879665,0.549333
0.111667,0.760674
0.830409,0.196204
0.0507218,0.37669
0.869625,0.867763
0.285257,0.100436
0.596576,0.550584
0.63683,0.722861
0.848598,0.310343
0.963012,0.156377
0.696524,0.572222
0.757561,0.0961333
0.312967,0.566301
0.865932,0.403638
0.166814,0.424421
0.258553,0.786706
0.607624,0.322825
0.458052,0.321329
0.744224,0.0542924
0.574572,0.984191
0.229041,0.738609
0.45674,0.113865
0.700522,0.366314
0.804407,0.497665
0.445936,0.365123
0.00335704,0.996826
0.167333,0.529954
0.989868,0.325236
0.823603,0.376568
0.519608,0.373638
0.400372,0.32374
0.53328,0.625446
0.635884,0.903195
0.684957,0.930692
0.608142,0.317606
0.811151,0.648854
0.550432,0.079165
0.633412,0.487838
0.404248,0.879086
0.806787,0.911863
0.26545,0.225501
0.0501724,0.530931
0.390637,0.788354
0.26017,0.013947
0.449049,0.718101
0.517563,0.00283822
0.945158,0.216712
0.539476,0.727989
0.0908231,0.549181
0.973388,0.023896
0.0238655,0.755882
0.573199,0.598621
0.110355,0.481216
0.554277,0.753838
0.48674,0.027955
0.553606,0.19776
0.696188,0.896481
0.812555,0.459975
0.153539,0.319895
0.644642,0.135533
0.39378,0.580279
0.762688,0.958129
0.618213,0.39079
0.272225,0.650472
0.735984,0.14539
0.101413,0.547929
0.638356,0.449721
0.4373,0.898709
0.861934,0.998199
0.618244,0.583148
0.863186,0.113956
0.134404,0.689962
0.962279,0.519791
0.445051,0.983032
0.586779,0.172643
0.957701,0.494858
0.944914,0.0806299
0.299142,0.172399
0.689566,0.098941
0.0852992,0.478866
0.286355,0.00653096
0.393292,0.915311
0.195318,0.0201727
0.585315,0.293527
0.867672,0.00543229
0.24192,0.813471
0.976104,0.265358
0.0559404,0.199805
0.893307,0.641163
0.935087,0.917356
0.922086,0.446516
0.0719932,0.841884
0.028077,0.822596
0.310953,0.565203
0.603626,0.316691
0.429762,0.0515458
0.539384,0.877163
0.851894,0.829951
0.127354,0.21659
0.855037,0.26719
0.24601,0.36671
0.371929,0.0749535
0.625385,0.792627
0.826136,0.399152
0.381787,0.547014
0.564074,0.407208
0.190374,0.190497
0.668111,0.817652
0.738151,0.046144
0.820521,0.291635
0.959075,0.00167852
0.664754,0.911313
0.811579,0.0512711
0.539048,0.258461
0.906644,0.262307
0.0450453,0.52736
0.583392,0.521043
0.639729,0.256233
0.0695517,0.971404
0.034547,0.893674
0.566576,0.503128
0.24134,0.44264
0.432203,0.425672
0.533219,0.200842
0.0810266,0.991363
0.751488,0.574358
0.0351268,0.461226
0.537461,0.325175
0.540269,0.460829
0.337931,0.815149
0.882229,0.720481
0.242683,0.082461
0.123936,0.0976897
0.546678,0.0191351
0.134465,0.816858
0.760521,0.656545
0.220466,0.0538957
0.528825,0.781152
0.201453,0.728019
0.407361,0.974273
0.411847,0.00564592
0.588885,0.122593
0.467055,0.362499
0.222449,0.743004
0.651234,0.36082
0.963836,0.215278
0.00967437,0.934385
0.853481,0.615345
0.0954009,0.656545
0.892178,0.111057
0.18186,0.135105
0.715567,0.697439
0.537095,0.799341
0.537461,0.236335
0.363567,0.566912
0.669668,0.123539
0.277932,0.115909
0.416425,0.999176
0.188788,0.670492
0.600574,0.391339
0.0125431,0.811029
0.786981,0.196448
0.462508,0.755089
0.756523,0.239479
0.739006,0.805628
0.24247,0.463179
0.466231,0.422254
0.205115,0.988098
0.362712,0.439741
0.036256,0.492447
0.302072,0.584216
0.990234,0.974883
0.936125,0.0769066
0.816706,0.340495
0.492111,0.399731
0.899655,0.422559
0.196112,0.235633
0.933012,0.399884
0.324442,0.942473
0.0974761,0.243782
0.555101,0.316935
0.579577,0.620136
0.792199,0.768761
0.937162,0.440382
0.426893,0.735099
0.28135,0.773431
0.557207,0.373608
0.243599,0.927824
0.525498,0.875942
0.951353,0.655293
0.759239,0.0130924
0.681051,0.269234
0.0565813,0.81109
0.960875,0.362987
0.363506,0.611286
0.307016,0.227027
0.015656,0.846828
0.498245,0.0154118
0.235023,0.0763878
0.413984,0.142186
0.65276,0.618763
0.237037,0.535051
0.906156,0.928465
0.734886,0.0545366
0.311228,0.243294
0.989898,0.104099
0.0301523,0.955321
0.606159,0.805811
0.187902,0.192724
0.00393689,0.792962
0.18128,0.583331
0.706961,0.0211493
0.554369,0.1713
0.594226,0.80578
0.41084,0.850581
0.450667,0.363414
0.0685751,0.666616
0.162481,0.232551
0.647298,0.587481
0.339,0.876888
0.611896,0.892178
0.424207,0.743889
0.794153,0.450484
0.874569,0.141667
0.0199591,0.156041
0.114566,0.33076
0.955626,0.549913
0.862087,0.764977
0.27192,0.352947
0.192358,0.741264
0.828394,0.78869
0.212928,0.795862
0.923429,0.215949
0.177221,0.578906
0.89758,0.536607
0.142491,0.756462
0.989624,0.865047
0.594806,0.284921
0.219947,0.81814
0.964446,0.121708
0.393994,0.891232
0.871364,0.824946
0.103214,0.0681478
0.781396,0.733818
0.143071,0.325755
0.642567,0.352489
0.0296945,0.882809
0.110904,0.553362
0.375011,0.0737632
0.0276193,0.254341
0.169683,0.485305
0.636433,0.306589
0.763054,0.467635
0.173894,0.718101
0.44731,0.811945
0.391308,0.121311
0.687674,0.478011
0.393536,0.154729
0.575976,0.765099
0.185125,0.91757
0.981628,0.635548
0.984619,0.345317
0.180761,0.292795
0.220374,0.482345
0.891781,0.0957671
0.126164,0.550371
0.511032,0.0779443
0.0312204,0.817652
0.790002,0.363628
0.102512,0.736961
0.453017,0.816828
0.769616,0.36671
0.620563,0.950346
0.707053,0.38493
0.421918,0.705222
0.615223,0.537217
0.135105,0.825312
0.114048,0.448469
0.696066,0.6816
0.898038,0.814508
0.802271,0.248939
0.0268868,0.227393
0.993072,0.943846
0.967498,0.104465
0.341136,0.155339
0.0600604,0.486404
0.945647,0.872372
0.657155,0.866726
0.198859,0.330393
0.806574,0.0190741
0.0381787,0.850246
0.16483,0.191168
0.780236,0.206458
0.652333,0.645161
0.681295,0.738212
0.509445,0.312937
0.630512,0.0705893
0.493851,0.546861
0.582598,0.182562
0.207739,0.497055
0.0179754,0.343394
0.301004,0.0902738
0.404065,0.680502
0.121464,0.90759
0.281686,0.550096
0.461867,0.430403
0.113346,0.37846
0.309,0.169713
0.151952,0.275338
0.176183,0.586261
0.813105,0.718619
0.853206,0.372143
0.0122684,0.67037
0.942991,0.198675
0.11127,0.746391
0.2154,0.593341
0.990417,0.667501
0.259224,0.625813
0.0106204,0.834346
0.482223,0.504532
0.526719,0.428816
0.607013,0.959593
0.0225227,0.786126
0.590777,0.233833
0.503708,0.295267
0.500412,0.783258
0.412793,0.579394
0.294839,0.966186
0.219184,0.00964385
0.466231,0.705222
0.0506302,0.732475
0.179022,0.534715
0.102023,0.15833
0.89111,0.546312
0.440535,0.787774
0.274636,0.475906
0.429029,0.831324
0.819147,0.846187
0.0739463,0.00482192
0.163152,0.351726
0.0363781,0.414136
0.789361,0.506119
0.0235298,0.0739463
0.865749,0.16306
0.222297,0.634205
0.334574,0.119846
0.774895,0.473525
0.300027,0.492325
0.395245,0.364605
0.209662,0.0106204
0.117283,0.0358898
0.969939,0.345714
0.849483,0.327311
0.223884,0.0587787
0.524735,0.982208
0.420972,0.362529
0.229926,0.238197
0.754692,0.810724
0.00885037,0.86758
0.63155,0.176702
0.793115,0.624836
0.765435,0.960173
0.81164,0.622425
0.358074,0.273751
0.171392,0.685446
0.058565,0.800409
0.113895,0.0290231
0.0887783,0.892239
0.808588,0.25782
0.6498,0.230049
0.715049,0.469619
0.343333,0.912656
0.207282,0.148717
0.802026,0.442824
0.700491,0.910672
0.833216,0.382611
0.438795,0.934141
0.835292,0.0863674
0.776666,0.856441
0.980438,0.455153
0.0757775,0.919675
0.356609,0.199713
0.51973,0.575365
0.56093,0.771477
