0.131321,0.698965
0.86816,0.840785
0.14185,0.882778
0.414594,0.708121
0.912259,0.0336009
0.145085,0.190008
0.150853,0.166967
0.144505,0.625324
0.103061,0.481491
0.088229,0.0231025
0.187719,0.0847499
0.0815455,0.348857
0.23368,0.771325
0.708213,0.132481
0.71276,0.0863369
0.529832,0.311197
0.517624,0.0227363
0.62215,0.929411
0.0139775,0.430616
0.759026,0.584826
0.938169,0.309397
0.28132,0.199683
0.921476,0.267129
0.773309,0.802545
0.5374,0.364452
0.328959,0.892483
0.931822,0.945341
0.677145,0.0643635
0.676778,0.0526444
0.476272,0.3979
0.910642,0.00964385
0.135563,0.452437
0.950896,0.911039
0.741508,0.238716
0.886227,0.787378
0.944731,0.491379
0.614429,0.996673
0.812586,0.414716
0.883389,0.701285
0.929929,0.660421
0.271157,0.573351
0.0241401,0.452376
0.810907,0.919828
0.590381,0.711783
0.615741,0.807306
0.51616,0.182043
0.612934,0.98349
0.669454,0.651418
0.606677,0.479354
0.438978,0.271523
0.902676,0.191015
0.05768,0.149785
0.0119022,0.220191
0.835017,0.0255135
0.336009,0.888607
0.95291,0.0360424
0.750023,0.814325
0.727226,0.60741
0.851161,0.929685
0.223548,0.479781
0.0786157,0.184027
0.592944,0.79165
0.209387,0.476424
0.892758,0.271584
0.366894,0.461043
0.277902,0.134404
0.16306,0.272469
0.477126,0.131413
0.624683,0.225684
0.562059,0.165746
0.891995,0.0260323
0.791131,0.161901
0.523331,0.931425
0.0588397,0.492599
0.985931,0.862972
0.0179754,0.219703
0.955138,0.950133
0.593341,0.18189
0.807886,0.19248
0.137577,0.897794
0.256294,0.665792
0.184393,0.68096
0.150853,0.979217
0.48085,0.932463
0.412397,0.799585
0.537522,0.401929
0.924436,0.436293
0.232063,0.670125
0.451521,0.59444
0.812433,0.954283
0.708121,0.0737327
0.652425,0.0310373
0.218116,0.560564
0.808771,0.113407
0.0318308,0.0473342
0.295602,0.912717
0.387555,0.10828
0.65978,0.60799
0.280007,0.99472
0.592212,0.566332
0.170507,0.0979339
0.485763,0.544053
0.0777917,0.159459
0.380352,0.275521
0.106204,0.0398877
0.125706,0.702933
0.889553,0.993683
0.135655,0.430158
0.5403,0.825434
0.579028,0.374248
0.898923,0.339793
0.142674,0.387982
0.856807,0.956908
0.837825,0.835932
0.914823,0.519425
0.30018,0.614978
0.0782189,0.865169
0.319041,0.209021
0.800043,0.396405
0.024659,0.545885
0.597156,0.933195
0.742882,0.503433
0.531175,0.0634175
0.719138,0.690695
0.489334,0.149663
0.665365,0.572802
0.23896,0.232734
0.218146,0.295938
0.852046,0.343272
0.279061,0.483871
0.38432,0.264351
0.766625,0.564776
0.613758,0.492355
0.835078,0.891446
0.409436,0.144597
0.628285,0.0841701
0.626057,0.929716
0.865932,0.157994
0.089114,0.520585
0.936155,0.975127
0.627766,0.42616
0.277749,0.00595111
0.430494,0.931059
0.0904874,0.966247
0.994507,0.806757
0.838923,0.400708
0.124058,0.560503
0.859249,0.488815
0.589404,0.51558
0.92935,0.903989
0.302255,0.682882
0.992889,0.0306711
0.470687,0.614612
0.653462,0.956572
0.536851,0.298379
0.385632,0.230415
0.574053,0.221717
0.0288705,0.440046
0.0817286,0.100986
0.63979,0.0508438
0.622974,0.127689
0.754845,0.666555
0.46202,0.685293
0.827723,0.976287
0.873379,0.797571
0.0255135,0.183264
0.0793786,0.00326548
0.346843,0.830409
0.467483,0.916227
0.404706,0.195746
0.207801,0.42259
0.289651,0.152928
0.237617,0.756584
0.895871,0.819575
0.0370495,0.0395215
0.649068,0.270638
0.929411,0.982238
0.958464,0.569262
0.87286,0.526322
0.693533,0.475326
0.42906,0.48262
0.819269,0.757622
0.242409,0.649434
0.116153,0.854335
0.422987,0.489944
0.964232,0.690023
0.0652486,0.352214
0.47499,0.762383
0.239387,0.77047
0.725455,0.0826441
0.980621,0.936491
0.47557,0.156041
0.712149,0.466475
0.693533,0.9223
0.079928,0.0620136
0.834376,0.224097
0.466842,0.317728
0.418989,0.440016
0.215644,0.429914
0.535295,0.0431227
0.607013,0.100223
0.191839,0.662496
0.909818,0.863613
0.125767,0.212256
0.922056,0.0554521
0.858425,0.0666219
0.475021,0.179174
0.140263,0.83755
0.154912,0.835078
0.935453,0.00506607
0.211859,0.836055
0.633076,0.865413
0.421216,0.989074
0.583087,0.67745
0.886288,0.566668
0.177252,0.225471
0.142125,0.348643
0.311808,0.376659
0.317301,0.982147
0.00555437,0.0751366
0.71511,0.138279
0.843959,0.366955
0.315165,0.454543
0.656392,0.63213
0.723502,0.946196
0.750328,0.531297
0.903256,0.88522
0.731437,0.464034
0.618915,0.0256355
0.458449,0.268715
0.847255,0.723563
0.026307,0.763939
0.935759,0.998505
0.451521,0.68273
0.894131,0.458846
0.571001,0.654927
0.957091,0.063509
0.570177,0.666402
0.372997,0.176519
0.995392,0.371105
0.571734,0.0263985
0.386181,0.205603
0.606159,0.393353
0.167638,0.166082
0.6292,0.449995
0.444014,0.485855
0.546525,0.538682
0.196295,0.421491
0.507279,0.470626
0.0744041,0.752861
0.330454,0.16599
0.568072,0.0192267
0.924833,0.640767
0.280007,0.51323
0.637104,0.912717
0.442457,0.401715
0.498276,0.272195
0.217322,0.31196
0.965148,0.254555
0.475051,0.224067
0.282144,0.0705283
0.640858,0.36726
0.796503,0.956938
0.581256,0.0117801
0.337107,0.0281686
0.873714,0.00393689
0.694723,0.163823
0.765252,0.148747
0.50148,0.354656
0.103641,0.220588
0.831568,0.269753
0.375225,0.0614032
0.936949,0.765404
0.183477,0.196509
0.456557,0.231788
0.702841,0.671773
0.280953,0.324351
0.0130619,0.981017
0.862911,0.913907
0.169988,0.535874
0.918088,0.235054
0.600543,0.471969
0.529221,0.0820643
0.663839,0.0636921
0.794183,0.62862
0.0168462,0.417829
0.430647,0.553178
0.645131,0.481918
0.103854,0.830195
0.261696,0.566393
0.176336,0.0861843
0.0775475,0.804437
0.590686,0.933195
0.248817,0.395184
0.658803,0.950011
0.213904,0.795526
0.411176,0.743858
0.737754,0.507614
0.750664,0.369304
0.592669,0.756676
0.037965,0.247566
0.256294,0.089877
0.97766,0.411023
0.311472,0.539384
0.431501,0.287576
0.0910367,0.12888
0.216529,0.789209
0.646565,0.37141
0.874752,0.0794702
0.0480361,0.190069
0.69396,0.742332
0.46025,0.806909
0.173559,0.1142
0.713828,0.0462966
0.356761,0.314829
0.792261,0.650136
0.735649,0.429914
0.622669,0.613819
0.725211,0.0126957
0.383587,0.949248
0.241554,0.0187994
0.0894803,0.753014
0.719047,0.557176
0.456984,0.551408
0.914457,0
0.146886,0.857021
0.7322,0.572283
0.803766,0.587786
0.921201,0.71456
0.472915,0.43553
0.175176,0.986938
0.130528,0.984954
0.415662,0.829615
0.33137,0.169378
0.678549,0.758538
0.243446,0.188238
0.0404981,0.350261
0.673055,0.171575
0.102603,0.115238
0.326823,0.794305
0.292184,0.831416
0.189856,0.0501419
0.842433,0.276589
0.445204,0.137669
0.0265511,0.834498
0.76278,0.5468
0.329417,0.419141
0.435774,0.852809
0.236946,0.441908
0.929014,0.641743
0.983093,0.877651
0.0578936,0.755486
0.734214,0.24015
0.144017,0.647664
0.583361,0.514817
0.153996,0.154271
0.339,0.768883
0.965636,0.034669
0.734458,0.873806
0.689383,0.0724509
0.100497,0.818171
0.742821,0.342662
0.480239,0.227454
0.713218,0.52028
0.217353,0.538804
0.286599,0.716758
0.913297,0.346446
0.772698,0.381726
0.517624,0.311319
0.504166,0.541398
0.394482,0.380627
0.332438,0.539476
0.953673,0.0977203
0.72042,0.0806604
0.575732,0.346416
0.35435,0.751701
0.440016,0.301462
0.653401,0.868252
0.0347606,0.39668
0.816157,0.211188
0.1901,0.0876186
0.7781,0.547105
0.994324,0.967589
0.12067,0.356517
0.95114,0.780419
0.0511795,0.483963
0.187201,0.734458
0.61156,0.966399
0.972625,0.0507828
0.925474,0.440016
0.566729,0.489547
0.109897,0.779504
0.461837,0.558733
0.360485,0.614246
0.940489,0.77749
0.902402,0.416059
0.848476,0.831355
0.85818,0.378796
0.425642,0.154454
0.655843,0.604389
0.0130314,0.141423
0.708304,0.595752
0.292489,0.882046
0.994568,0.445357
0.169134,0.199469
0.386975,0.360637
0.0828272,0.613575
0.138218,0.799432
0.631123,0.513413
0.911161,0.703665
0.698294,0.114139
0.235755,0.134129
0.905179,0.471419
0.334635,0.589709
0.127201,0.62273
0.603687,0.513779
0.0647603,0.583453
0.766869,0.910276
0.238411,0.38142
0.578021,0.165868
0.0611591,0.514542
0.248726,0.247871
0.292673,0.589526
0.0288095,0.476058
0.235206,0.96054
0.752861,0.754265
0.869839,0.978515
0.0484634,0.752831
0.491623,0.481307
0.318979,0.576098
0.132237,0.130161
0.811853,0.861446
0.699301,0.968139
0.405286,0.546983
0.672964,0.12479
0.893277,0.0298166
0.83227,0.604114
0.0709555,0.814661
0.205267,0.770623
0.472396,0.54677
0.560533,0.985595
0.121677,0.169774
0.211371,0.303751
0.251259,0.975433
0.0278024,0.963012
0.791559,0.950591
0.660543,0.337779
0.323038,0.137761
0.96411,0.985656
0.0730613,0.883572
0.299173,0.475112
0.836726,0.518876
0.69689,0.657765
0.751854,0.464064
0.0167852,0.981048
0.00521867,0.272774
0.594897,0.768914
0.149419,0.503006
0.40727,0.605853
0.265023,0.763207
0.695486,0.630055
0.458052,0.131138
0.181982,0.81283
0.0791955,0.148961
0.452376,0.0520646
0.418104,0.177526
0.133,0.909299
0.675069,0.502548
0.360332,0.164006
0.265419,0.251534
0.335887,0.755974
0.691916,0.0667135
0.893368,0.0286264
0.632801,0.501175
0.0508744,0.810785
0.844935,0.786279
0.779839,0.46025
0.103061,0.512436
0.550157,0.695822
0.374706,0.54976
0.386395,0.540422
0.493332,0.342998
0.896512,0.0624714
0.974303,0.717948
0.218818,0.195929
0.985961,0.63506
0.65688,0.00650044
0.856807,0.053621
0.703543,0.883389
0.690268,0.885739
0.33198,0.10181
0.835871,0.770837
0.762261,0.799158
0.671407,0.459975
0.735313,0.540391
0.486129,0.442213
0.78103,0.724204
0.702078,0.44908
0.479965,0.780023
0.685202,0.107395
0.857326,0.0887783
0.186377,0.943175
0.32609,0.168737
0.12476,0.606067
0.339122,0.303232
0.433149,0.645283
0.723441,0.281442
0.445326,0.376171
0.913358,0.255043
0.778619,0.705588
0.56914,0.955687
0.239021,0.0576495
0.0469069,0.201025
0.66512,0.412336
0.716025,0.684103
0.156743,0.334849
0.183782,0.870846
0.464736,0.491348
0.03708,0.125767
0.518052,0.172246
0.434584,0.205603
0.349406,0.507614
0.23191,0.647511
0.488052,0.749382
0.0502945,0.425459
0.440535,0.593402
0.570513,0.863918
0.0314951,0.862636
0.145116,0.798608
0.801691,0.646992
0.733268,0.021424
0.128483,0.922758
0.305979,0.612415
0.592181,0.447371
0.118534,0.99823
0.741539,0.391186
0.981384,0.813715
0.534257,0.998199
0.600421,0.765709
0.889523,0.376659
0.931791,0.703421
0.449965,0.362926
0.328471,0.387036
0.992248,0.0767235
0.993103,0.536393
0.757103,0.685476
0.255959,0.74749
0.202216,0.0938749
0.128697,0.559862
0.220588,0.886441
0.702139,0.0349132
0.770775,0.137761
0.148473,0.199622
0.843654,0.650868
0.221442,0.926176
0.594531,0.332041
0.212745,0.111301
0.123814,0.0173956
0.174718,0.61742
0.0690634,0.810358
0.540574,0.688894
0.558977,0.114383
0.257485,0.584796
0.588,0.670034
0.0769372,0.28074
0.917417,0.598041
0.394421,0.216468
0.956206,0.578417
0.570116,0.244392
0.601947,0.860073
0.0259713,0.348888
0.735252,0.00943022
0.515244,0.667531
0.0824,0.970336
0.820124,0.149419
0.556871,0.887539
0.14243,0.41908
0.993713,0.758019
0.911893,0.975646
0.331614,0.594134
0.897275,0.864498
0.366924,0.411817
0.0312204,0.574389
0.432142,0.167394
0.300272,0.792199
0.906003,0.298685
0.610767,0.449873
0.407361,0.456954
0.507614,0.162206
0.648091,0.00817896
0.932463,0.432142
0.380902,0.53676
0.149541,0.661733
0.516953,0.24015
0.967223,0.568072
0.278512,0.615558
0.246132,0.323222
0.325877,0.0993377
0.433363,0.754082
0.158025,0.770623
0.567705,0.667165
0.746574,0.0185858
0.441206,0.994629
0.065981,0.187872
0.597064,0.964446
0.00579852,0.641499
0.334788,0.761986
0.580706,0.122562
0.00570696,0.495529
0.731559,0.918943
0.0322581,0.625324
0.0021363,0.0660421
0.129948,0.26896
0.434004,0.0691549
0.70455,0.0104373
0.56975,0.542741
0.983764,0.641591
0.557421,0.514298
0.0348216,0.136845
0.444166,0.707022
0.166387,0.707633
0.642781,0.410688
0.114628,0.751244
0.562578,0.424604
0.0411695,0.164251
0.189093,0.763665
0.890103,0.7828
0.84994,0.941252
0.437666,0.717673
0.724296,0.365184
0.783197,0.172277
0.20423,0.748131
0.519639,0.289468
0.983764,0.227119
0.582537,0.749077
0.551469,0.331919
0.103092,0.216987
0.013947,0.593829
0.495682,0.248665
0.732536,0.487136
0.31428,0.541337
0.933836,0.965728
0.730735,0.572649
0.664296,0.777551
0.815943,0.168035
0.664632,0.719779
0.915616,0.550951
0.715476,0.664632
0.320688,0.965026
0.752861,0.369335
0.185827,0.815638
0.730125,0.116611
0.86874,0.427595
0.851802,0.783685
0.299722,0.466201
0.0643941,0.72866
0.756798,0.0113529
0.830836,0.170446
0.895505,0.268593
0.457381,0.741539
0.369457,0.895688
0.2425,0.757134
0.305032,0.938841
0.491592,0.0500809
0.743492,0.242347
0.229408,0.739189
0.621754,0.397107
0.303934,0.867794
0.185034,0.725333
0.683554,0.628956
0.456435,0.202887
0.664327,0.732322
0.876186,0.642415
0.688009,0.875607
0.950896,0.0681173
0.0740989,0.822901
0.221168,0.779687
0.504013,0.493301
0.578234,0.431166
0.482162,0.654164
0.462905,0.806513
0.506394,0.107181
0.741264,0.512772
0.688589,0.53737
0.374584,0.522996
0.486038,0.0803247
0.90463,0.0861843
0.714469,0.962157
0.752861,0.114689
0.538133,0.117008
0.448866,0.70925
0.580737,0.837123
0.983062,0.12888
0.591174,0.198096
0.841762,0.556902
0.0488601,0.930845
0.660543,0.993744
0.230354,0.109378
0.770287,0.533128
0.159734,0.757103
0.524216,0.571398
0.00259407,0.399945
0.651723,0.291208
0.24839,0.907773
0.486312,0.352367
0.634358,0.710898
0.543596,0.450392
0.691855,0.838954
0.127476,0.486465
0.797784,0.156102
0.232002,0.690237
0.166356,0.647847
0.519211,0.930845
0.170507,0.473769
0.0903348,0.990051
0.914762,0.786676
0.85464,0.0232246
0.559008,0.928373
0.801386,0.104862
0.707236,0.919034
0.665548,0.280068
0.35844,0.105716
0.516251,0.652821
0.453261,0.505692
0.0656453,0.174627
0.339793,0.48146
0.643635,0.244911
0.212378,0.360607
0.0117496,0.312632
0.446211,0.46849
0.412458,0.283761
0.295053,0.282968
0.969878,0.0946074
0.933164,0.346965
0.459944,0.904386
0.453047,0.896176
0.992004,0.187567
0.958586,0.41908
0.381115,0.0694601
0.739799,0.650777
0.83169,0.141667
0.839808,0.851314
0.668905,0.762505
0.58797,0.41084
0.0903348,0.118229
0.593036,0.95706
0.0775781,0.150884
0.695303,0.114353
0.551592,0.790704
0.0505387,0.525986
0.309519,0.253243
0.878903,0.747002
0.413984,0.662526
0.358348,0.798486
0.880276,0.136784
0.145299,0.618397
0.432722,0.0377209
0.599567,0.709922
0.33964,0.853053
0.840236,0.908475
0.355815,0.557543
0.0487381,0.820032
0.155217,0.965087
0.964354,0.0777306
0.0225227,0.738426
0.207831,0.49794
0.792962,0.551988
0.788965,0.574328
0.430372,0.524888
0.622272,0.124882
0.896603,0.165807
0.935759,0.728721
0.0439772,0.635243
0.783746,0.410657
0.743431,0.435469
0.527543,0.919126
0.589892,0.852504
0.798822,0.82281
0.207526,0.721152
0.466079,0.773339
0.840785,0.481033
0.0694906,0.615009
0.480422,0.964507
0.739555,0.246834
0.361888,0.654042
0.308298,0.34022
0.479904,0.578722
0.465835,0.686209
0.935301,0.969543
0.153294,0.54915
0.788873,0.150212
0.908109,0.902188
0.0496841,0.526353
0.112308,0.588702
0.870724,0.641774
0.758751,0.582934
0.0210578,0.3773
0.496506,0.0809351
0.614551,0.301828
0.960173,0.20603
0.781213,0.0795923
0.595874,0.439772
0.0106815,0.53502
0.94583,0.905637
0.0547502,0.901425
0.10358,0.860042
0.928404,0.424116
0.928556,0.234809
0.680105,0.911802
0.288522,0.654195
0.316202,0.49443
0.71221,0.0649739
0.930662,0.764885
0.928495,0.863613
0.971221,0.0863063
0.728538,0.963256
0.897305,0.533982
0.51677,0.133885
0.773431,0.729301
0.444929,0.857845
0.746757,0.753868
0.493698,0.350871
0.0942412,0.0925626
0.632221,0.278146
0.982635,0.636006
0.684622,0.333934
0.968596,0.585406
0.321085,0.799432
0.148412,0.684683
0.256966,0.415693
0.697501,0.194647
0.134678,0.529099
0.738517,0.308298
0.362987,0.439741
0.046205,0.324076
0.781518,0.994263
0.327677,0.554399
0.563952,0.117679
0.021363,0.663381
0.644276,0.183782
0.717215,0.0467544
0.220801,0.0881985
0.9176,0.390912
0.182104,0.680746
0.464736,0.926878
0.976623,0.272164
0.0221564,0.983337
0.411145,0.551744
0.753075,0.896634
0.582781,0.9429
0.485641,0.203894
0.752373,0.815577
0.0465712,0.892422
0.949309,0.14771
0.215003,0.839839
0.612842,0.309549
0.757622,0.428449
0.166204,0.290017
0.151952,0.143742
0.486831,0.0505081
0.268319,0.191626
0.94818,0.27488
0.760063,0.797204
0.160649,0.467696
0.362041,0.894284
0.792993,0.824946
0.18479,0.159368
0.382244,0.597766
0.63274,0.558611
0.116611,0.220222
0.261971,0.235603
0.89288,0.909421
0.63805,0.374462
0.125523,0.466689
0.148076,0.177282
0.889401,0.394604
0.0661946,0.431135
0.755577,0.496994
0.720206,0.0892972
0.858852,0.66686
0.292703,0.169347
0.431379,0.78515
0.0863674,0.164922
0.439833,0.932829
0.484176,0.643178
0.0180059,0.93292
0.477371,0.271096
0.176244,0.0491958
0.202948,0.783197
0.0279855,0.433851
0.466811,0.502548
0.32551,0.648549
0.0219428,0.0630512
0.51973,0.344829
0.673635,0.11951
0.624134,0.707419
0.0104678,0.593036
0.920896,0.303995
0.975219,0.805506
0.797418,0.864681
0.981933,0.510208
0.712943,0.661519
0.358379,0.165899
0.836543,0.717978
0.347423,0.31196
0.874508,0.333384
0.108829,0.600482
0.939604,0.611927
0.37376,0.686514
0.565416,0.289041
0.162389,0.0548418
0.375042,0.500687
0.941679,0.883847
0.584094,0.549364
0.378674,0.790613
0.834651,0.627766
0.471664,0.25016
0.908078,0.872677
0.118229,0.68218
0.331828,0.234535
0.445723,0.00878933
0.707785,0.145817
0.196081,0.461562
0.21366,0.0748619
0.306803,0.0272225
0.0101627,0.298196
0.559404,0.149571
0.670095,0.547319
0.182043,0.572497
0.961913,0.509354
0.690573,0.335643
0.718284,0.132145
0.532456,0.511795
0.869228,0.142247
0.215217,0.557146
0.467452,0.834834
0.897183,0.879147
0.846553,0.406903
0.901212,0.889279
0.0578021,0.231361
0.800684,0.942503
0.0463881,0.128605
0.442396,0.479659
0.0883206,0.693533
0.568499,0.112186
0.217353,0.175817
0.312693,0.732414
0.129429,0.644276
0.800012,0.422529
0.969359,0.508499
0.85406,0.388623
0.751366,0.515244
0.967345,0.740745
0.389141,0.269723
0.728477,0.125095
0.710501,0.627064
0.0755944,0.57918
0.502762,0.0711997
0.523728,0.110843
0.762261,0.913358
0.0171514,0.0277718
0.429579,0.549486
0.54207,0.455672
0.979156,0.599963
0.555162,0.335673
0.821741,0.0723899
0.720542,0.669637
0.211524,0.088168
0.422163,0.459761
0.539689,0.400006
0.936308,0.633381
0.25248,0.418378
0.550584,0.925657
0.355876,0.676626
0.925657,0.517258
0.77224,0.600452
0.147282,0.226753
0.775811,0.105441
0.173345,0.927458
0.49733,0.00875881
0.375744,0.906644
0.260414,0.130436
0.0697958,0.747673
0.631519,0.531205
0.90112,0.655354
0.297281,0.9747
0.371441,0.0414441
0.410901,0.607471
0.53441,0.0966216
0.376354,0.190161
0.305979,0.545244
0.150548,0.411603
0.840175,0.61388
0.749992,0.332286
0.682669,0.89581
0.57738,0.758507
0.596149,0.712424
0.799829,0.0189215
0.520554,0.605029
0.175146,0.366344
0.0452895,0.535874
0.786615,0.976501
0.763634,0.315683
0.200049,0.375072
0.524033,0.84228
0.387097,0.140568
0.205267,0.0769372
0.0822169,0.292123
0.909024,0.704703
0.145634,0.436537
0.56798,0.874386
0.689322,0.638752
0.880795,0.377026
0.082522,0.091525
0.644185,0.662374
0.112369,0.211493
0.551866,0.0753502
0.0701926,0.336344
0.429548,0.379772
0.796747,0.912198
0.275033,0.328379
0.812983,0.964232
0.942595,0.266793
0.820276,0.142521
0.499008,0.790857
0.751823,0.043733
0.224006,0.166875
0.376507,0.768395
0.465102,0.453597
0.80166,0.59743
0.624165,0.784997
0.695791,0.523972
0.136113,0.512406
0.85992,0.262337
0.0302438,0.720847
0.669271,0.918088
0.292276,0.763207
0.0523087,0.0245674
0.318217,0.803797
0.644459,0.517075
0.465773,0.0944548
0.631642,0.431989
0.207373,0.603595
0.909665,0.400891
0.779443,0.100406
0.53914,0.195502
0.478622,0.406262
0.371868,0.650807
0.929655,0.615253
0.956481,0.767174
0.375896,0.563707
0.554949,0.90875
0.326151,0.729026
0.545946,0.042085
0.496414,0.00244148
0.874264,0.028901
0.37785,0.0175787
0.914731,0.112369
0.0229804,0.674917
0.190527,0.324809
0.623554,0.74221
0.951109,0.244697
0.323618,0.0930509
0.892422,0.304392
0.693289,0.916532
0.947539,0.561205
0.0532243,0.0279244
0.354106,0.818079
0.269662,0.757317
0.72869,0.106357
0.401227,0.431867
0.815485,0.741783
0.797906,0.800958
0.890652,0.656697
0.547441,0.0995819
0.400372,0.17185
0.232063,0.0715659
0.384045,0.649525
0.191717,0.869106
0.680319,0.230445
0.643696,0.364269
0.860897,0.204382
0.575488,0.163915
0.797784,0.504532
0.653981,0.926298
0.220923,0.643391
0.547685,0.702506
0.534257,0.206061
0.444563,0.962401
0.988922,0.728416
0.781426,0.622761
0.244728,0.774255
0.167547,0.23722
0.585498,0.774316
0.440168,0.138615
0.194708,0.767968
0.201086,0.630665
0.0177923,0.609485
0.403882,0.994781
0.690664,0.00061037
0.840114,0.809809
0.0133366,0.558519
0.854915,0.585864
0.485916,0.99472
0.832331,0.738762
0.660939,0.624989
0.410291,0.814081
0.0392468,0.905301
0.247566,0.526048
0.363964,0.453047
0.0249641,0.44084
0.0954314,0.452773
0.870022,0.561022
0.798517,0.505356
0.0984832,0.65511
0.0802942,0.488815
0.444655,0.872616
0.0748924,0.629414
0.889828,0.894436
0.196692,0.621448
0.0826746,0.519059
0.267037,0.918821
0.499954,0.75103
0.667043,0.650685
0.588427,0.792688
0.599322,0.966643
0.394482,0.104984
0.910886,0.504593
0.876247,0.361614
0.541734,0.992615
0.756645,0.746055
0.767327,0.354961
0.143437,0.570086
0.110385,0.0730918
0.233894,0.0168462
0.862331,0.723808
0.098056,0.329417
0.44264,0.166478
0.928678,0.133183
0.237037,0.981597
0.688864,0.724448
0.0494705,0.116672
0.136723,0.00357067
0.836146,0.609577
0.0336924,0.0789514
0.705527,0.705954
0.982421,0.729545
0.132817,0.767083
0.371899,0.491195
0.903562,0.417798
0.334605,0.227485
0.749168,0.19303
0.163701,0.338084
0.984497,0.249672
0.550798,0.364299
0.462935,0.706809
0.3708,0.105045
0.00506607,0.990631
0.837489,0.549547
0.418134,0.632832
0.146611,0.597522
0.787835,0.205756
0.441633,0.860103
0.138218,0.738884
0.566759,0.815729
0.113071,0.565783
0.902524,0.50148
0.420728,0.784936
0.263436,0.195166
0.383984,0.316355
0.913999,0.128574
0.570177,0.314859
0.786248,0.61095
0.737449,0.352977
0.0794702,0.665365
0.0531632,0.371105
0.304178,0.128636
0.264168,0.53795
0.132023,0.191717
0.57326,0.169866
0.9082,0.771355
0.578997,0.249153
0.809595,0.159734
0.258309,0.0335093
0.410535,0.203558
0.713706,0.563677
0.0576189,0.135166
0.876644,0.983032
0.838313,0.0853298
0.798914,0.00723289
0.403607,0.00750755
0.349742,0.803858
0.212561,0.963866
0.0687887,0.385144
0.300485,0.79281
0.446638,0.489822
0.0791955,0.128086
0.35078,0.811304
0.410016,0.470962
0.470779,0.926481
0.163854,0.141697
0.451857,0.473098
0.11008,0.0282907
0.256874,0.740013
0.0271615,0.94058
0.824122,0.88699
0.477157,0.274422
0.698325,0.452193
0.414747,0.581042
0.25486,0.785699
0.564226,0.68218
0.0400403,0.921873
0.589587,0.0869472
0.185949,0.0773949
0.544877,0.691641
0.22953,0.153569
0.368969,0.319254
0.0837428,0.0384533
0.443281,0.49266
0.185003,0.107608
0.852626,0.708884
0.824671,0.872311
0.779565,0.18952
0.204932,0.672872
0.518723,0.1377
0.21366,0.317698
0.744987,0.518693
0.303232,0.00689718
0.852901,0.135228
0.867855,0.12125
0.0413831,0.787042
0.37138,0.96942
0.500778,0.16831
0.141087,0.436598
0.749992,0.8417
0.783685,0.518326
0.424696,0.0513016
0.302347,0.795984
0.220435,0.422346
0.485488,0.359691
0.889798,0.102603
0.96057,0.548448
0.971068,0.588153
0.982421,0.387005
0.962249,0.230811
0.959441,0.982971
0.0102237,0.933348
0.386303,0.0339366
0.677664,0.588672
0.647542,0.245735
0.933439,0.564653
0.19303,0.754936
0.216163,0.989776
0.43675,0.0204779
0.689016,0.0627766
0.647084,0.358379
0.356182,0.00515763
0.958495,0.0731224
0.0388806,0.607379
0.281716,0.723319
0.320017,0.904904
0.450392,0.973632
0.666585,0.168645
0.777337,0.225074
0.430921,0.993072
0.210944,0.548906
0.979278,0.214698
0.0622883,0.715476
0.0689718,0.425336
0.121067,0.244392
0.221564,0.891964
0.171575,0.29783
0.0572222,0.94174
0.605976,0.00585955
0.488205,0.877773
0.250435,0.304422
0.815882,0.224586
0.0816675,0.237495
0.25956,0.545946
0.853328,0.369518
0.592517,0.366192
0.0295724,0.562395
0.7575,0.31135
0.360393,0.130467
0.149327,0.495926
0.0652791,0.572314
0.156499,0.784326
0.178442,0.866756
0.746513,0.912137
0.571368,0.67449
0.404736,0.344584
0.177923,0.634083
0.00637837,0.640278
0.78869,0.543413
0.259316,0.992309
0.661275,0.489486
0.222694,0.483261
0.985992,0.399518
0.758904,0.693808
0.28489,0.52443
0.953001,0.816004
0.521561,0.278054
0.699423,0.760491
0.684866,0.873196
0.388501,0.663961
0.282907,0.680135
0.898434,0.933164
0.306314,0.425001
0.18778,0.11362
0.654744,0.781823
0.988983,0.44676
0.304514,0.983947
0.637013,0.629383
0.69219,0.0121158
0.0171514,0.517136
0.330363,0.527757
0.654988,0.958403
0.489853,0.700858
0.237526,0.446425
0.825617,0.331706
0.79873,0.491928
0.376019,0.647786
0.660665,0.223609
0.0804468,0.335002
0.182195,0.0910977
0.942656,0.112522
0.264412,0.758934
0.921537,0.0455947
0.293252,0.976836
0.98117,0.636799
0.167608,0.829432
0.729118,0.36787
0.129795,0.926115
0.474624,0.98764
0.275277,0.455306
0.221992,0.00238044
0.178014,0.743919
0.727683,0.691244
0.407208,0.0198676
0.296426,0.733177
0.938383,0.392773
0.191961,0.301828
0.640706,0.300211
0.12772,0.987365
0.40257,0.455306
0.259072,0.965087
0.103427,0.738029
0.603351,0.81457
0.670492,0.464309
0.254463,0.360271
0.779931,0.365703
0.367962,0.202155
0.121982,0.504715
0.97116,0.693808
0.804895,0.388226
0.850063,0.0252083
0.183691,0.650594
0.031373,0.0903043
0.502731,0.31135
0.398785,0.792779
0.339946,0.0787683
0.270974,0.161138
0.862331,0.0728477
0.167699,0.637776
0.741111,0.384503
0.202429,0.217719
0.202979,0.6068
0.376141,0.196234
0.354595,0.802271
0.452986,0.0562456
0.984191,0.568499
0.118839,0.900693
0.979034,0.758232
0.770867,0.521165
0.0214545,0.477859
0.193793,0.465346
0.693503,0.299997
0.0684835,0.155492
0.308115,0.791986
0.129032,0.440199
0.761467,0.445601
0.953307,0.991546
0.197211,0.00814844
0.581439,0.0597858
0.98529,0.887356
0.288919,0.31193
0.563463,0.167974
0.991546,0.000946074
0.849147,0.977874
0.385754,0.521805
0.802393,0.855098
0.979369,0.429029
0.240425,0.33491
0.888089,0.818964
0.483383,0.69805
0.89465,0.143803
0.481735,0.481979
0.617542,0.94409
0.171545,0.388928
0.845332,0.529679
0.610981,0.338572
0.46733,0.771142
0.236244,0.484817
0.809748,0.468734
0.0549333,0.622211
0.778405,0.704215
0.505722,0.0449538
0.173254,0.679159
0.389569,0.390881
0.214026,0.220527
0.427656,0.152593
0.55501,0.705039
0.210334,0.143223
0.396222,0.816889
0.586261,0.303385
0.173315,0.375134
0.859493,0.177374
0.419416,0.944792
0.604541,0.66451
0.560869,0.206153
0.114994,0.244179
0.758904,0.0977813
0.269906,0.172216
0.0985748,0.0568255
0.238289,0.176092
0.667776,0.761773
0.105014,0.46556
0.943754,0.541734
0.734947,0.987701
0.424329,0.526475
0.494278,0.259011
0.727012,0.925535
0.747887,0.691916
0.696432,0.917844
0.904721,0.145299
0.180303,0.642659
0.624165,0.0508744
0.0869778,0.780175
0.872738,0.492019
0.332133,0.157323
0.794458,0.0408948
0.757347,0.76632
0.952452,0.677206
0.63686,0.458388
0.406262,0.677816
0.360912,0.505325
0.417219,0.873135
0.44734,0.401868
0.024781,0.873501
0.850459,0.333628
0.320872,0.594073
0.688742,0.206458
0.388318,0.707327
0.0773034,0.985229
0.690207,0.156865
0.811457,0.798914
0.543718,0.021363
0.852748,0.161077
0.826807,0.827235
0.42909,0.128697
0.0827357,0.917692
0.0765404,0.365795
0.853816,0.449293
0.915128,0.880581
0.28019,0.658315
0.448378,0.277261
0.785638,0.0647908
0.998413,0.0437025
0.993255,0.313486
0.793847,0.700797
0.710288,0.00708029
0.210974,0.145482
0.281075,0.104282
0.106174,0.37199
0.708121,0.768578
0.150548,0.0104678
0.25251,0.874599
0.342936,0.323771
0.900388,0.512375
0.973663,0.888211
0.422315,0.0697958
0.709647,0.241737
0.62859,0.26719
0.711539,0.98706
0.925962,0.0807215
0.533708,0.533921
0.590594,0.376843
0.11713,0.0126957
0.718955,0.780175
0.709342,0.918821
0.795556,0.542528
0.91052,0.803522
0.0872219,0.257576
0.493789,0.222571
0.337992,0.111209
0.925321,0.0735191
0.421827,0.820399
0.969787,0.898587
0.770531,0.438215
0.239967,0.554796
0.848506,0.286172
0.438276,0.0832545
0.347026,0.913541
0.538835,0.37141
0.890774,0.283364
0.679678,0.737388
0.699088,0.507767
0.563616,0.695639
0.817713,0.93939
0.0144658,0.695059
0.420118,0.325388
0.464492,0.592029
0.705344,0.231513
0.658986,0.661
0.624622,0.0750145
0.763543,0.261361
0.983245,0.979736
0.836756,0.819208
0.217292,0.496689
0.671865,0.354961
0.321329,0.359752
0.2566,0.268807
0.0836207,0.405438
0.0232551,0.897885
0.757164,0.709555
0.15186,0.555315
0.442976,0.909513
0.0310373,0.520951
0.137974,0.331889
0.594531,0.301431
0.795923,0.0904874
0.106723,0.791833
0.214118,0.0140385
0.119877,0.833003
0.722922,0.227027
0.685598,0.418104
0.575579,0.790582
0.175298,0.52797
0.0242012,0.191778
0.921232,0.375317
0.155156,0.0250557
0.291208,0.256081
0.00430311,0.325785
0.10538,0.111545
0.794183,0.237312
0.454299,0.851039
0.910794,0.370952
0.351085,0.311716
0.11887,0.96469
0.526597,0.415143
0.764824,0.480911
0.465133,0.402051
0.408887,0.439589
0.436537,0.473983
0.564623,0.800806
0.891354,0.977722
0.404553,0.527665
0.00830103,0.686544
0.0888699,0.56505
0.131413,0.709311
0.141209,0.986145
0.273446,0.187902
0.979766,0.194617
0.281442,0.467879
0.53206,0.840724
0.263283,0.119877
0.276131,0.1442
0.440199,0.918821
0.432813,0.0802026
0.751885,0.95999
0.0616779,0.758995
0.917112,0.47911
0.78872,0.29841
0.861721,0.773217
0.498733,0.960448
0.562365,0.999512
0.702719,0.0258797
0.138066,0.577532
0.137791,0.675497
0.99762,0.844935
0.0589618,0.191046
0.397717,0.628163
0.736839,0.739708
0.423963,0.951811
0.652303,0.209174
0.025605,0.274819
0.672079,0.566759
0.930174,0.267953
0.465743,0.45732
0.0614948,0.0467238
0.0280465,0.469741
0.0975372,0.565874
0.756981,0.278176
0.505203,0.0606708
0.446455,0.247444
0.192114,0.63216
0.418653,0.683798
0.943571,0.156652
0.663442,0.889615
0.00216681,0.710135
0.422163,0.270547
0.499374,0.168432
0.570757,0.3137
0.728843,0.338725
0.553575,0.621143
0.878475,0.364757
0.967956,0.299844
0.639332,0.776879
0.511338,0.925596
0.816157,0.0765709
0.366192,0.304392
0.413892,0.837428
0.348827,0.595203
0.273904,0.0620747
0.704917,0.107913
0.21839,0.839015
0.11008,0.129948
0.505295,0.309763
0.505264,0.00839259
0.829432,0.0196844
0.0897855,0.336161
0.294046,0.296579
0.00811792,0.522874
0.784814,0.793329
0.610157,0.771477
0.31077,0.849757
0.769616,0.130894
0.49324,0.22071
0.234779,0.297281
0.825037,0.815119
0.822932,0.878567
0.507797,0.216437
0.159612,0.545213
0.797143,0.159459
0.944945,0.790094
0.295022,0.238685
0.35316,0.290109
0.604694,0.796716
0.352,0.418439
0.662313,0.22776
0.0297555,0.367809
0.613483,0.829005
0.654561,0.910489
0.0401929,0.0681478
0.643574,0.306925
0.457228,0.471236
0.338542,0.142125
0.614643,0.346446
0.697348,0.103458
0.7463,0.00341807
0.516037,0.97705
0.528794,0.580554
0.173772,0.468795
0.41789,0.127354
0.7687,0.520066
0.276315,0.243965
0.273934,0.699973
0.502274,0.655751
0.949004,0.663106
0.883511,0.061037
0.403211,0.0331431
0.650777,0.358348
0.341807,0.11774
0.349132,0.39967
0.893765,0.810541
0.101688,0.328288
0.316538,0.158025
0.832362,0.687277
0.517289,0.584277
0.923185,0.187384
0.916745,0.608509
0.858058,0.0706809
0.43202,0.562792
0.0123905,0.526414
0.975982,0.85406
0.256569,0.872463
0.34843,0.672628
0.801233,0.499771
0.028016,0.632496
0.363903,0.190435
0.919279,0.377667
0.659169,0.651906
0.999695,0.408399
0.801263,0.638661
0.410657,0.465957
0.0987579,0.408124
0.0436109,0.28309
0.0256355,0.360027
0.193182,0.358135
0.705161,0.15479
0.0563982,0.602954
0.727348,0.229774
0.614978,0.202857
0.440382,0.334452
0.214545,0.320536
0.0934477,0.0631123
0.710776,0.295267
0.587939,0.341044
0.0806909,0.00277718
0.61803,0.218482
0.832575,0.963469
0.233467,0.00772118
0.861934,0.670888
0.0726035,0.889523
0.719474,0.339061
0.830836,0.603259
0.456954,0.856075
0.263222,0.230384
0.387249,0.939665
0.4138,0.564196
0.67684,0.693564
0.868587,0.349803
0.589648,0.64272
0.708152,0.12891
0.605487,0.41847
0.956725,0.0111393
0.67806,0.454115
0.045381,0.727042
0.16895,0.933897
0.740318,0.0386364
0.909452,0.0135807
0.585284,0.764641
0.348796,0.669912
0.0443129,0.776818
0.659871,0.0483413
0.228919,0.104007
0.253548,0.089114
0.986267,0.434828
0.415723,0.514206
0.223273,0.978484
0.798761,0.186499
0.487564,0.0483108
0.999451,0.10242
0.910886,0.641316
0.784753,0.538499
0.200842,0.652943
0.882107,0.768364
0.349284,0.254952
0.696097,0.579821
0.216376,0.0286569
0.838649,0.861995
0.611744,0.0750145
0.565416,0.719901
0.0548112,0.122379
0.6086,0.219794
0.825465,0.0591449
0.957335,0.163854
0.199713,0.752953
0.385632,0.917295
0.409742,0.998688
0.731162,0.607318
0.954039,0.228004
0.888424,0.770074
0.685995,0.143468
0.0762963,0.91879
0.887478,0.103519
0.182592,0.392254
0.365612,0.42378
0.46733,0.205542
0.400525,0.4962
0.0163579,0.158879
0.390698,0.58916
0.667898,0.311045
0.682211,0.410138
0.843287,0.240608
0.0753807,0.384014
0.137394,0.876064
0.27662,0.700461
0.711295,0.199042
0.990783,0.0849025
0.900082,0.0392163
0.491928,0.543199
0.12006,0.774926
0.929441,0.376629
0.718863,0.227699
0.123264,0.443281
0.760796,0.800378
0.0217902,0.369549
0.306192,0.488876
0.0157781,0.248482
0.547777,0.893918
0.166265,0.601306
0.927763,0.0377514
0.463271,0.808527
0.249763,0.679403
0.635243,0.981872
0.532823,0.226447
0.44499,0.76867
0.291299,0.26606
0.130284,0.474837
0.281716,0.0232551
0.950896,0.815851
0.197638,0.409192
0.0834376,0.148686
0.584948,0.535417
0.661458,0.664479
0.645955,0.142979
0.768487,0.329936
0.135533,0.123539
0.0317698,0.997772
0.109867,0.80575
0.615833,0.221137
0.282998,0.751488
0.909452,0.37315
0.0827662,0.574786
0.115726,0.492752
0.795618,0.821925
0.901395,0.577929
0.95819,0.8258
0.692526,0.750572
0.220374,0.535264
0.368389,0.821162
0.419568,0.389233
0.443403,0.372265
0.190832,0.653981
0.605914,0.0174566
0.551408,0.0241096
0.534715,0.410749
0.491684,0.439283
0.631214,0.419263
0.198309,0.31605
0.621143,0.667348
0.477218,0.558092
0.778527,0.219855
0.422376,0.408704
0.186865,0.710562
0.92172,0.880245
0.435957,0.106296
0.174718,0.0839259
0.795312,0.843349
0.562853,0.224067
0.697195,0.732353
0.223762,0.813959
0.0235908,0.209784
0.865413,0.74868
0.742973,0.964507
0.911466,0.0747703
0.709769,0.246559
0.119419,0.364849
0.858058,0.59798
0.939299,0.142552
0.228706,0.649037
0.521073,0.45323
0.764641,0.0170293
0.125889,0.51088
0.129856,0.921934
0.569933,0.363628
0.331523,0.0928678
0.0628681,0.344157
0.127995,0.385998
0.567675,0.517533
0.306345,0.112888
0.622913,0.693655
0.776421,0.923673
0.228156,0.364879
0.909238,0.924955
0.602161,0.471206
0.686209,0.584429
0.702139,0.0524308
0.914762,0.724845
0.580828,0.347392
0.963012,0.94467
0.963286,0.876705
0.650624,0.609333
0.511582,0.085757
0.743522,0.48735
0.991485,0.287149
0.804285,0.586169
0.590564,0.746788
0.633076,0.103458
0.637928,0.200323
0.261483,0.0871303
0.0678732,0.431623
0.056917,0.0193487
0.81109,0.662831
0.831507,0.507035
0.265206,0.320658
0.973907,0.485031
0.430891,0.8099
0.614277,0.640584
0.465072,0.968047
0.679128,0.706412
0.408551,0.138981
0.2584,0.272744
0.173956,0.301981
0.132267,0.0382397
0.336589,0.625416
0.992279,0.173742
0.308817,0.770806
0.325846,0.507736
0.336528,0.693197
0.384899,0.69631
0.691549,0.982208
0.474075,0.160009
0.87344,0.277291
0.401898,0.427717
0.887722,0.78164
0.124821,0.189184
0.962706,0.467574
0.631519,0.465438
0.0721152,0.603412
0.803339,0.908353
0.173345,0.665853
0.0580767,0.29545
0.376904,0.0619221
0.278726,0.313425
0.430982,0.574969
0.269967,0.4138
0.173284,0.915525
0.470565,0.655812
0.660024,0.747063
0.455275,0.448927
0.605579,0.373669
0.65624,0.21662
0.430891,0.794122
0.320322,0.417158
0.113071,0.0436109
0.474746,0.726127
0.661458,0.789087
0.628834,0.793237
0.897488,0.3614
0.466964,0.687002
0.771325,0.639454
0.689444,0.597064
0.201086,0.156743
0.0447096,0.529374
0.721671,0.946745
0.00314341,0.53856
0.644246,0.381054
0.751335,0.128513
0.0975982,0.893002
0.136753,0.93585
0.857875,0.614582
0.109867,0.0579547
0.532182,0.357677
0.16007,0.871456
0.753349,0.574755
0.505387,0.748558
0.0748924,0.738701
0.652028,0.478011
0.265358,0.879818
0.290475,0.647633
0.873196,0.274972
0.28016,0.941221
0.958068,0.704672
0.133152,0.866543
0.95175,0.624958
0.408612,0.893857
0.808191,0.261055
0.125584,0.605853
0.16892,0.177557
0.53148,0.000457778
0.626942,0.761925
0.585253,0.638295
0.923612,0.124149
0.52562,0.40727
0.145238,0.573931
0.987182,0.927793
0.305155,0.14362
0.725578,0.070101
0.0206,0.50795
0.399884,0.466445
0.0960112,0.969726
0.0885037,0.0496231
0.94998,0.876186
0.471603,0.0805383
0.368877,0.306253
0.709861,0.279214
0.750725,0.676504
0.311869,0.434889
0.0146489,0.694571
0.00878933,0.686819
0.6751,0.80401
0.974853,0.365947
0.705252,0.950041
0.183752,0.226173
0.684591,0.155583
0.480605,0.208014
0.509995,0.698874
0.649281,0.530625
0.426466,0.278817
0.221046,0.518876
0.682821,0.0877407
0.934049,0.542009
0.394421,0.731895
0.0207221,0.623432
0.692648,0.357738
0.129826,0.769433
0.645466,0.0631428
0.28779,0.940367
0.607013,0.854335
0.94702,0.922361
0.102206,0.220985
0.394696,0.721122
0.991363,0.212104
0.145848,0.730186
0.0550249,0.196783
0.227119,0.994568
0.606739,0.651967
0.499283,0.952422
0.175665,0.792169
0.286996,0.427503
0.258339,0.682607
0.938932,0.751762
0.790002,0.529862
0.391705,0.860134
0.880856,0.666463
0.343364,0.270669
0.854244,0.145756
0.397107,0.482437
0.779382,0.569689
0.484024,0.690634
0.39143,0.134281
0.972655,0.0785241
0.379223,0.718772
0.355937,0.641621
0.438093,0.559435
0.963347,0.777642
0.497848,0.727836
0.483596,0.729301
0.182775,0.0535295
0.0562456,0.107181
0.016541,0.936369
0.719352,0.574419
0.887875,0.093234
0.493484,0.275338
0.483718,0.176153
0.609088,0.537553
0.452406,0.934568
0.297494,0.0426649
0.974303,0.247597
0.742454,0.315409
0.522233,0.687185
0.870479,0.967254
0.48619,0.192358
0.843776,0.165777
0.525315,0.415021
0.0286569,0.56386
0.577013,0.36372
0.435865,0.209906
0.934904,0.471908
0.801416,0.2743
0.951537,0.419263
0.43202,0.507797
0.5815,0.319407
0.0118412,0.188971
0.629383,0.130863
0.867458,0.453902
0.766991,0.172094
0.811151,0.488632
0.504593,0.328379
0.923124,0.663381
0.161534,0.254677
0.494491,0.58272
0.176855,0.361553
0.627277,0.123264
0.70571,0.664266
0.0741905,0.702902
0.480728,0.075045
0.425581,0.360607
0.0455336,0.286477
0.774499,0.495743
0.821711,0.154393
0.320353,0.213538
0.295846,0.146886
0.476333,0.678396
0.530961,0.0715659
0.470473,0.771172
0.307871,0.824366
0.444136,0.985717
0.925138,0.996551
0.165227,0.958647
0.0421155,0.988922
0.321024,0.186743
0.195685,0.791711
0.268899,0.232368
0.837611,0.201331
0.759484,0.711264
0.485885,0.385327
0.841517,0.985778
0.851955,0.917997
0.140751,0.187994
0.993988,0.111087
0.259407,0.978759
0.605182,0.127659
0.533067,0.107395
0.199866,0.785638
0.46379,0.153722
0.771325,0.802087
0.305826,0.733879
0.00433363,0.450789
0.4438,0.987365
0.364788,0.126438
0.466231,0.906888
0.221564,0.95053
0.917112,0.138432
0.8464,0.27192
0.289071,0.268777
0.828028,0.383068
0.358806,0.625141
0.492141,0.088992
0.796045,0.586535
0.901212,0.384472
0.418836,0.173223
0.867244,0.642598
0.353465,0.805994
0.302316,0.566881
0.45909,0.557024
0.369762,0.529832
0.313089,0.0602435
0.631581,0.240333
0.859523,0.408155
0.304025,0.754814
0.965575,0.709372
0.9447,0.530808
0.865474,0.664815
0.548692,0.170934
0.478195,0.965636
0.415754,0.345073
0.851009,0.141667
0.175329,0.911435
0.969268,0.959014
0.325114,0.160833
0.814692,0.599078
0.518113,0.904874
0.75753,0.393902
0.28431,0.802301
0.465377,0.618885
0.468917,0.18424
0.808008,0.656728
0.242012,0.849055
0.247505,0.961577
0.0461745,0.871456
0.343211,0.162511
0.856685,0.0556963
0.144292,0.809076
0.590106,0.0985443
0.039613,0.667104
0.925169,0.0763268
0.754234,0.881619
0.582934,0.579485
0.449843,0.395459
0.860225,0.511826
0.589526,0.330393
0.836177,0.659017
0.813807,0.717826
0.156438,0.738578
0.189886,0.990143
0.705313,0.0516984
0.929929,0.640431
0.284219,0.266518
0.524003,0.978057
0.528398,0.971404
0.197485,0.466933
0.800653,0.35725
0.942564,0.325602
0.804407,0.103488
0.998627,0.938994
0.0540483,0.789148
0.724204,0.634541
0.941588,0.114475
0.0635701,0.0029603
0.702292,0.750542
0.0321055,0.297281
0.444441,0.659322
0.540422,0.177587
0.0621052,0.751
0.344646,0.95941
0.137486,0.825373
0.462203,0.710044
0.236335,0.47264
0.446211,0.282022
0.817133,0.790582
0.923185,0.718131
0.49321,0.631275
0.487869,0.300729
0.374187,0.972076
0.714805,0.367962
0.338664,0.0341807
0.593616,0.19126
0.890133,0.700461
0.154149,0.750725
0.265206,0.0753502
0.66155,0.309519
0.42909,0.996063
0.243385,0.640797
0.869411,0.646535
0.0548723,0.254952
0.0976897,0.764885
0.0162664,0.398511
0.128727,0.188604
0.190008,0.943419
0.00463881,0.693655
0.435408,0.880398
0.645131,0.201697
0.324107,0.68923
0.413923,0.106876
0.229896,0.908963
0.81933,0.194983
0.800439,0.942198
0.772027,0.260384
0.201025,0.900021
0.97116,0.882839
0.823389,0.250496
0.408521,0.235237
