0.0011597,0.235572
0.98529,0.318918
0.448012,0.640156
0.985076,0.0746483
0.0264595,0.901303
0.231269,0.520829
0.219001,0.0711386
0.660787,0.256478
0.465712,0.486526
0.00729392,0.12775
0.652882,0.488907
0.737541,0.373424
0.368114,0.108798
0.182134,0.534806
0.0132756,0.356059
0.116672,0.643757
0.435286,0.721458
0.515488,0.35078
0.269204,0.635456
0.0219428,0.194952
0.450301,0.36137
0.2772,0.679922
0.822535,0.484481
0.87817,0.67571
0.278695,0.967284
0.889981,0.540208
0.488845,0.383831
0.930113,0.552995
0.261696,0.0592059
0.979308,0.304941
0.095706,0.418195
0.504349,0.0918302
0.214698,0.822535
0.83108,0.803339
0.815668,0.759728
0.887875,0.647206
0.690023,0.238075
0.995178,0.723869
0.47148,0.861293
0.376568,0.0671102
0.76751,0.990814
0.669881,0.142949
0.589404,0.971191
0.121586,0.629933
0.428541,0.0180364
0.439314,0.0628681
0.423017,0.488845
0.264931,0.520768
0.910276,0.460555
0.818903,0.969848
0.827815,0.72396
0.996826,0.0912503
0.567766,0.14951
0.096469,0.870998
0.291574,0.0843532
0.33018,0.395886
0.54387,0.861904
0.976806,0.0195929
0.964599,0.581988
0.432508,0.793634
0.846614,0.375347
0.392834,0.165868
0.767632,0.422407
0.525895,0.881314
0.135624,0.876156
0.376324,0.489395
0.923673,0.628498
0.828059,0.535081
0.927396,0.873104
0.488754,0.798242
0.345897,0.200507
0.0754112,0.432783
0.733482,0.871975
0.990753,0.483413
0.191107,0.602222
0.614429,0.746269
0.680349,0.17011
0.297952,0.116794
0.983428,0.0998871
0.125248,0.695334
0.635823,0.342296
0.757591,0.942808
0.983367,0.977203
0.657918,0.440291
0.673482,0.30781
0.0378735,0.540208
0.51326,0.468978
0.987335,0.54445
0.510453,0.837581
0.463332,0.41435
0.8052,0.080874
0.957915,0.656484
0.730277,0.837703
0.374126,0.914548
0.302438,0.976287
0.696066,0.500565
0.348338,0.4279
0.649617,0.737022
0.899075,0.877804
0.89169,0.464248
0.463546,0.370647
0.0178228,0.25486
0.940642,0.0675375
0.684408,0.738639
0.710227,0.810327
0.444716,0.708121
0.900632,0.271981
0.415662,0.325236
0.867122,0.745964
0.199042,0.177648
0.827418,0.564135
0.91757,0.832331
0.847835,0.425916
0.636006,0.621906
0.0657063,0.779534
0.607349,0.494369
0.145878,0.109226
0.953764,0.464461
0.163915,0.650044
0.677999,0.166051
0.388195,0.103
0.852138,0.501206
0.496689,0.0434278
0.225166,0.777856
0.534104,0.385296
0.548845,0.830622
0.532701,0.736442
0.680044,0.631672
0.89993,0.328959
0.948332,0.366405
0.43788,0.764672
0.348796,0.851466
0.509659,0.777795
0.891293,0.62154
0.246406,0.627491
0.130192,0.742943
0.204749,0.988372
0.866726,0.222846
0.24839,0.0603351
0.328288,0.918516
0.326762,0.207312
0.322916,0.00918607
0.311045,0.870937
0.262429,0.705802
0.101169,0.263161
0.142613,0.209143
0.97766,0.179907
0.00347911,0.412183
0.667135,0.0785241
0.430433,0.776879
0.879208,0.121799
0.921354,0.136784
0.106967,0.603015
0.393811,0.93936
0.969909,0.917753
0.820734,0.844356
0.585681,0.865902
0.306528,0.48384
0.33784,0.49733
0.680288,0.116123
0.247597,0.251045
0.36668,0.876125
0.847133,0.673727
0.556291,0.413862
0.155492,0.0105594
0.143986,0.188147
0.287545,0.902493
0.700339,0.596362
0.43141,0.555284
0.798883,0.938719
0.567461,0.726737
0.257271,0.437941
0.290078,0.175542
0.644215,0.764611
0.88461,0.408856
0.275399,0.357555
0.761437,0.36549
0.289346,0.94998
0.76989,0.673971
0.723075,0.686026
0.580279,0.222907
0.9523,0.224525
0.257881,0.784692
0.338328,0.5768
0.553453,0.851711
0.274422,0.580859
0.424604,0.640309
0.58388,0.794824
0.20542,0.336802
0.3708,0.26606
0.0282601,0.331767
0.668294,0.54326
0.373577,0.127781
0.907071,0.448195
0.84283,0.938658
0.592639,0.188025
0.20426,0.0791345
0.577258,0.235878
0.455092,0.995209
0.427869,0.805963
0.761132,0.109348
0.607837,0.194037
0.832789,0.499649
0.356426,0.601093
0.496811,0.696097
0.905545,0.0869167
0.474349,0.0961638
0.877743,0.430982
0.271493,0.919767
0.703543,0.128941
0.0762963,0.612445
0.82519,0.0424512
0.064272,0.498611
0.658376,0.550798
0.256874,0.121189
0.288491,0.198523
0.475448,0.425825
0.165288,0.0892666
0.14127,0.850826
0.0120853,0.168798
0.45851,0.353526
0.689444,0.994018
0.076754,0.294961
0.0226142,0.191137
0.212775,0.555773
0.933622,0.0936308
0.436384,0.607624
0.355235,0.508286
0.686758,0.589068
0.661794,0.700797
0.903592,0.925413
0.365246,0.693045
0.16483,0.954283
0.156835,0.972411
0.472457,0.467971
0.752342,0.199103
0.960326,0.999847
0.157231,0.919706
0.707266,0.738395
0.172063,0.629353
0.310709,0.364238
0.72454,0.648274
0.745598,0.880184
0.794183,0.330973
0.716697,0.813288
0.587207,0.133976
0.679006,0.419141
0.184423,0.353038
0.417158,0.737358
0.439558,0.46733
0.57268,0.259407
0.745079,0.724601
0.850215,0.494308
0.470901,0.0627155
0.255043,0.875607
0.716025,0.207373
0.455123,0.393231
0.257576,0.965361
0.893887,0.874935
0.150639,0.476302
0.909604,0.202887
0.313059,0.68804
0.65743,0.682272
0.104404,0.267617
0.932646,0.364757
0.510269,0.850368
0.525071,0.319224
0.362316,0.890835
0.57149,0.902158
0.604236,0.775384
0.162908,0.113163
0.406446,0.75338
0.949187,0.362743
0.499069,0.169378
0.908872,0.739158
0.633015,0.83459
0.619587,0.227241
0.0714744,0.934385
0.175634,0.297983
0.671346,0.504044
0.98114,0.146855
0.179022,0.00347911
0.105716,0.0256966
0.514328,0.179327
0.103824,0.730552
0.000122074,0.037843
0.235298,0.836726
0.749779,0.750908
0.195379,0.296731
0.683187,0.0109867
0.857173,0.767876
0.590503,0.946318
0.950682,0.760247
0.748833,0.0351268
0.698721,0.363292
0.267617,0.271187
0.491623,0.661672
0.74456,0.724143
0.653157,0.527055
0.766167,0.813135
0.474166,0.0644551
0.203223,0.800928
0.0448622,0.974517
0.309458,0.295724
0.417249,0.297617
0.968871,0.858547
0.625294,0.681845
0.299783,0.738762
0.975951,0.00476089
0.0622883,0.2331
0.332286,0.616199
0.852016,0.137028
0.47908,0.134922
0.811182,0.402081
0.853755,0.36021
0.0361034,0.0718711
0.285104,0.923734
0.16895,0.68395
0.83343,0.906888
0.542009,0.116947
0.292825,0.732566
0.735374,0.0679952
0.910581,0.48439
0.0453505,0.505387
0.856777,0.144353
0.178625,0.351512
0.962127,0.444929
0.453566,0.0732444
0.444258,0.192938
0.311624,0.46025
0.762871,0.595141
0.0979644,0.911649
0.819239,0.445509
0.133549,0.510666
0.688375,0.517502
0.97055,0.41377
0.732719,0.638386
0.41612,0.0603656
0.178289,0.955718
0.860866,0.764489
0.251808,0.380078
0.0993377,0.524735
0.119205,0.945189
0.734977,0.45848
0.00872829,0.997681
0.820124,0.640492
0.712699,0.990356
0.821558,0.409742
0.15418,0.0215766
0.165899,0.560472
0.913053,0.526505
0.360363,0.786065
0.132023,0.755181
0.0195318,0.0746788
0.881405,0.101535
0.315439,0.229469
0.00744652,0.538224
0.250984,0.88641
0.0630818,0.94586
0.360424,0.698691
0.452193,0.740684
0.46147,0.762902
0.887387,0.0546587
0.0494095,0.0129398
0.845149,0.123478
0.341807,0.476821
0.9017,0.976928
0.191565,0.41142
0.310556,0.350475
0.454787,0.13007
0.206519,0.206854
0.900418,0.0730003
0.0297861,0.499619
0.473891,0.559404
0.821497,0.296335
0.818842,0.317698
0.293588,0.759758
0.578661,0.474471
0.197821,0.172399
0.869167,0.72103
0.982513,0.320322
0.455458,0.455855
0.334452,0.119572
0.681936,0.403394
0.738609,0.206061
0.385876,0.615772
0.477615,0.120762
0.259804,0.453749
0.465743,0.946501
0.171148,0.793664
0.125065,0.258889
0.766961,0.0944243
0.807428,0.597583
0.500351,0.401837
0.534135,0.141453
0.00772118,0.518052
0.34547,0.516373
0.515732,0.713767
0.87402,0.913053
0.248482,0.640095
0.748253,0.291238
0.368816,0.977844
0.0277718,0.6957
0.872951,0.651021
0.285073,0.673147
0.980102,0.907559
0.506394,0.199194
0.0839564,0.539109
0.0680563,0.699728
0.754753,0.502365
0.546678,0.755974
0.458296,0.532456
0.475875,0.624775
0.156865,0.0216987
0.404096,0.548448
0.761864,0.0319224
0.93881,0.106113
0.29606,0.389416
0.738182,0.740654
0.451491,0.462416
0.521165,0.809778
0.363414,0.895993
0.333964,0.585986
0.857906,0.78576
0.230811,0.755425
0.421461,0.745628
0.862148,0.219367
0.262062,0.696768
0.777398,0.0278939
0.386578,0.691214
0.794458,0.855892
0.902036,0.360698
0.537339,0.892026
0.982177,0.836238
0.692984,0.557604
0.929228,0.764122
0.702475,0.607105
0.728446,0.370434
0.114475,0.229163
0.692007,0.244758
0.218818,0.233711
0.2631,0.814661
0.385083,0.524552
0.228187,0.0326548
0.0972625,0.538438
0.430097,0.461806
0.92642,0.993835
0.409619,0.695883
0.660512,0.807215
0.174505,0.973418
0.040437,0.688162
0.612812,0.800653
0.0504166,0.197455
0.00997955,0.0916166
0.242592,0.364971
0.803278,0.417859
0.958861,0.422163
0.0342112,0.464827
0.364208,0.496597
0.95822,0.198523
0.867275,0.929014
0.341014,0.107639
0.329753,0.59917
0.645863,0.256172
0.918149,0.83459
0.549638,0.752159
0.0298471,0.925504
0.351787,0.897855
0.335978,0.307962
0.230018,0.977294
0.591266,0.517075
0.872066,0.283242
0.315409,0.452071
0.059389,0.995086
0.254128,0.861843
0.386944,0.560259
0.789941,0.701315
0.215094,0.658742
0.558031,0.130406
0.314768,0.246284
0.767937,0.0339671
0.481521,0.141362
0.898862,0.845912
0.697867,0.932035
0.113315,0.490036
0.63921,0.128178
0.0801721,0.50795
0.959746,0.585772
0.212622,0.966186
0.694998,0.446181
0.84579,0.998962
0.390576,0.781945
0.0793786,0.0132145
0.766686,0.0476699
0.304819,0.236396
0.112552,0.751579
0.544572,0.138768
0.549394,0.857356
0.523392,0.920988
0.190924,0.916959
0.600146,0.913358
0.593219,0.847255
0.362102,0.883175
0.392163,0.0146184
0.573748,0.260537
0.818781,0.674398
0.61623,0.757286
0.879757,0.751579
0.331004,0.49089
0.541154,0.473098
0.3932,0.691641
0.6274,0.0921354
0.470595,0.332804
0.0647603,0.731834
0.614704,0.311777
0.487472,0.0637837
0.691397,0.402448
0.310221,0.388348
0.350414,0.352092
0.92996,0.9447
0.0743431,0.242073
0.912717,0.936216
0.31431,0.905057
0.538072,0.634144
0.144536,0.358562
0.137791,0.198675
0.793817,0.986511
0.0693686,0.470656
0.623524,0.325144
0.0838038,0.941557
0.222327,0.00250252
0.414167,0.885769
0.049379,0.195624
0.634266,0.577013
0.555773,0.993652
0.229743,0.985504
0.998657,0.00421155
0.408856,0.310373
0.972045,0.812372
0.890927,0.962676
0.670797,0.870663
0.437391,0.280404
0.560686,0.223914
0.830287,0.316233
0.522874,0.0129093
0.829981,0.822443
0.244575,0.365123
0.664205,0.846583
0.0323191,0.213904
0.167638,0.80221
0.824366,0.207312
0.658589,0.830226
0.443587,0.334788
0.307047,0.296426
0.0596637,0.227515
0.626087,0.0737632
0.0284127,0.557268
0.143925,0.330515
0.62685,0.784631
0.674154,0.719718
0.717612,0.983673
0.531053,0.58211
0.230476,0.160039
0.898709,0.223945
0.294137,0.124943
0.180456,0.0177007
0.140599,0.778191
0.454512,0.794763
0.57091,0.455916
0.391339,0.847652
0.966857,0.910031
0.501175,0.786279
0.62157,0.854671
0.000946074,0.509049
0.744957,0.095584
0.620472,0.0194403
0.158055,0.52382
0.452864,0.826594
0.205481,0.362865
0.421033,0.554338
0.114872,0.155339
0.554826,0.159032
0.68392,0.520218
0.456343,0.593097
0.71868,0.767663
0.537431,0.247047
0.0933256,0.764702
0.415509,0.0473037
0.476608,0.468307
0.601978,0.71099
0.707755,0.770012
0.242653,0.327952
0.736229,0.823511
0.872677,0.726493
0.060213,0.248787
0.690481,0.457808
0.714286,0.457717
0.367199,0.307688
0.653768,0.318613
0.122959,0.961608
0.181951,0.955412
0.248421,0.331462
0.940275,0.480361
0.114963,0.694357
0.372265,0.316752
0.436232,0.409986
0.878323,0.84814
0.166082,0.139439
0.167791,0.183477
0.141026,0.0159001
0.155797,0.604083
0.153813,0.207801
0.762993,0.676656
0.725394,0.766564
0.726279,0.754601
0.0386364,0.716727
0.273385,0.0811792
0.0675375,0.77749
0.670431,0.617847
0.133915,0.826136
0.5309,0.0360118
0.512711,0.172246
0.622364,0.732444
0.807398,0.687399
0.283486,0.0446486
0.827113,0.524735
0.257881,0.230689
0.855892,0.805414
0.00842311,0.476058
0.163182,0.362987
0.214576,0.1189
0.633503,0.642994
0.756737,0.94702
0.591937,0.473067
0.920804,0.653279
0.434736,0.847163
0.0426038,0.9317
0.515915,0.938108
0.896115,0.856502
0.752892,0.599414
0.0516678,0.241615
0.488144,0.293344
0.513688,0.522599
0.440077,0.434431
0.120457,0.546129
0.795343,0.717917
0.346294,0.353526
0.244911,0.385723
0.257576,0.29548
0.236915,0.755913
0.69686,0.841182
0.248695,0.096469
0.338115,0.143651
0.781976,0.623768
0.348979,0.75396
0.172277,0.690207
0.743645,0.445936
0.816248,0.108249
0.594226,0.541124
0.475143,0.563646
0.836177,0.414411
0.895718,0.685049
0.78811,0.959563
0.81457,0.551592
0.807978,0.144414
0.443525,0.0261238
0.0359203,0.692953
0.278939,0.141362
0.094058,0.524003
0.13538,0.339946
0.389996,0.686728
0.904324,0.126377
0.862545,0.0621662
0.690573,0.117405
0.184118,0.533219
0.645283,0.176733
0.18482,0.78402
0.894559,0.941618
0.108798,0.718253
0.224067,0.686941
0.688559,0.0242622
0.208411,0.171361
0.51973,0.545427
0.227546,0.834742
0.566301,0.282083
0.929929,0.377758
0.605029,0.440992
0.545488,0.604419
0.733085,0.961211
0.596789,0.305582
0.841212,0.440168
0.954924,0.891018
0.86523,0.0730308
0.853511,0.907163
0.372265,0.224311
0.195166,0.677206
0.772881,0.304483
0.0672628,0.136113
0.587359,0.570849
0.909116,0.567125
0.112247,0.367718
0.315226,0.0873135
0.667806,0.767693
0.53328,0.717582
0.437117,0.956114
0.131993,0.791803
0.463118,0.988006
0.661702,0.67629
0.348704,0.939055
0.504532,0.592212
0.960479,0.779321
0.542589,0.705771
0.894009,0.646992
0.958403,0.0347606
0.127049,0.877041
0.285379,0.293832
0.564135,0.497848
0.735527,0.121555
0.248268,0.292245
0.0930815,0.787072
0.554216,0.0146184
0.642048,0.805963
0.812616,0.387555
0.730674,0.468276
0.307047,0.308695
0.031312,0.549394
0.872097,0.369945
0.550249,0.374157
0.32078,0.0530106
0.96646,0.000701926
0.417646,0.361309
0.21128,0.862697
0.478469,0.635365
0.215186,0.2743
0.560503,0.168584
0.45088,0.0198065
0.21073,0.705649
0.716575,0.585711
0.834651,0.853908
0.79989,0.614551
0.180364,0.106082
0.683523,0.611866
0.906369,0.356639
0.744469,0.956847
0.139561,0.675314
0.218757,0.743156
0.0580767,0.481368
0.648244,0.636341
0.462478,0.370373
0.782342,0.714286
0.188849,0.585192
0.246925,0.610462
0.72808,0.210791
0.831324,0.349376
0.555742,0.56502
0.359569,0.79928
0.298196,0.299844
0.233711,0.0253304
0.89346,0.392926
0.508866,0.179601
0.486404,0.120731
0.141148,0.153203
0.752739,0.430372
0.163854,0.109073
0.421949,0.00640889
0.61272,0.260659
0.931028,0.891598
0.55855,0.523026
0.238258,0.774438
0.426191,0.517228
0.511551,0.665822
0.767602,0.3249
0.770226,0.669301
0.485336,0.861507
0.868435,0.869167
0.451186,0.331462
0.265908,0.0307932
0.577593,0.700156
0.559465,0.642476
0.403546,0.29252
0.158269,0.489212
0.981658,0.791284
0.811121,0.348827
0.339335,0.806024
0.00500504,0.693716
0.39845,0.967711
0.179327,0.264473
0.116947,0.0784936
0.135746,0.983184
0.739341,0.481979
0.74929,0.21073
0.74105,0.653523
0.324381,0.00451674
0.444685,0.375256
0.730644,0.853664
0.66155,0.863826
0.286325,0.254616
0.837275,0.32902
0.0307321,0.250313
0.115848,0.773064
0.651936,0.104495
0.845271,0.621326
0.460341,0.0417188
0.473037,0.393048
0.611255,0.998291
0.080874,0.0535295
0.639729,0.790246
0.507675,0.158483
0.659474,0.777642
0.0905484,0.324137
0.9429,0.0984832
0.420179,0.0177007
0.0862758,0.654378
0.515488,0.970214
0.253609,0.422346
0.497116,0.266945
0.623524,0.540757
0.352367,0.905057
0.964629,0.627308
0.97589,0.874935
0.816187,0.412305
0.235694,0.722587
0.232795,0.515458
0.178198,0.068392
0.98236,0.376202
0.58861,0.506516
0.891964,0.84402
0.682699,0.20069
0.890774,0.85873
0.177526,0.753441
0.714194,0.0512406
0.546922,0.42201
0.478652,0.210761
0.201788,0.992462
0.763817,0.0128788
0.873867,0.460921
0.203162,0.484695
0.979614,0.994018
0.465102,0.648213
0.656575,0.75869
0.297281,0.274972
0.981017,0.338786
0.37431,0.298105
0.508896,0.522752
0.239601,0.0762047
0.968139,0.0611896
0.434706,0.806787
0.750633,0.333934
0.341838,0.881069
0.172002,0.253639
0.361553,0.26194
0.04532,0.269814
0.82873,0.443861
0.0731224,0.944975
0.158788,0.248512
0.360698,0.801904
0.493118,0.580676
0.189703,0.886105
0.0262459,0.831874
0.421979,0.967345
0.650655,0.240913
0.628224,0.35551
0.0528275,0.409131
0.7369,0.968749
0.999298,0.14124
0.875881,0.570696
0.261605,0.547594
0.142644,0.781884
0.317118,0.870602
0.559923,0.0492264
0.477157,0.708457
0.0911283,0.0879238
0.688742,0.255196
0.199744,0.782708
0.78103,0.098056
0.331523,0.882839
0.998352,0.538041
0.399213,0.429914
0.972869,0.412061
0.759362,0.621601
0.512436,0.414655
0.435377,0.041963
0.169591,0.869289
0.805078,0.194006
0.900784,0.049501
0.166021,0.466231
0.612751,0.422834
0.913907,0.548082
0.677938,0.390149
0.966765,0.660176
0.973174,0.933195
0.24015,0.95996
0.798639,0.937407
0.37669,0.852931
0.0503555,0.0125736
0.240394,0.347514
0.9111,0.39903
0.712088,0.239448
0.797327,0.391705
0.839503,0.866634
0.420301,0.113376
0.659413,0.219672
0.421369,0.849391
0.145695,0.102695
0.63271,0.609699
0.836299,0.0739463
0.632588,0.410047
0.951811,0.368938
0.974639,0.175512
0.60567,0.562456
0.908109,0.935209
0.539476,0.485458
0.562578,0.387982
0.722892,0.696554
0.571886,0.612415
0.288705,0.13358
0.897214,0.555528
0.165166,0.889676
0.0423597,0.767937
0.141911,0.345073
0.378277,0.0586261
0.366497,0.103397
0.455367,0.469008
0.121158,0.975616
0.0703146,0.315439
0.518906,0.878048
0.123264,0.0604266
0.980804,0.736351
0.142979,0.561235
0.540819,0.584613
0.788446,0.0743126
0.249763,0.0833155
0.20893,0.446608
0.90054,0.185278
0.937193,0.157903
0.209052,0.168615
0.766381,0.789514
0.404492,0.499008
0.370006,0.37611
0.0683004,0.135807
0.677328,0.187658
0.0628376,0.185003
0.287484,0.176214
0.0194403,0.652303
0.519272,0.814844
0.74865,0.0441298
0.993408,0.401898
0.508805,0.746757
0.772729,0.113742
0.358745,0.454024
0.825922,0.703909
0.785577,0.740989
0.457961,0.777612
0.599445,0.272408
0.655721,0.699088
0.900235,0.867733
0.459243,0.771294
0.222663,0.492386
0.137852,0.49855
0.700674,0.790094
0.65624,0.706595
0.130619,0.0528581
0.089938,0.450331
0.0322581,0.975829
0.194067,0.574145
0.732994,0.188879
0.156163,0.544298
0.689047,0.394269
0.125187,0.757012
0.126713,0.381573
0.252022,0.914884
0.573321,0.900449
0.418561,0.709464
0.993103,0.251991
0.768059,0.303781
0.752251,0.212317
0.823603,0.945921
0.741172,0.588458
0.373791,0.307352
0.40141,0.690725
0.418744,0.243141
0.6845,0.000854518
0.664724,0.73986
0.637287,0.75457
0.323954,0.336528
0.0949736,0.520951
0.858699,0.933195
0.576495,0.312662
0.94937,0.734001
0.13123,0.106082
0.23133,0.15067
0.354137,0.611438
0.527573,0.254646
0.0363781,0.93469
0.080813,0.53972
0.388073,0.801141
0.59621,0.0117801
0.146062,0.891049
0.813044,0.489059
0.106967,0.638447
0.349223,0.585162
0.693594,0.663289
0.387555,0.552232
0.12186,0.5468
0.94409,0.870144
0.466018,0.556841
0.709037,0.120426
0.960723,0.298959
0.448073,0.467086
0.00628681,0.817957
0.445845,0.939146
0.032197,0.51735
0.981445,0.722343
0.0529496,0.754906
0.0995819,0.798425
0.20249,0.194861
0.806726,0.0381787
0.196295,0.98178
0.815577,0.936338
0.424238,0.739555
0.614734,0.85229
0.434217,0.147282
0.931089,0.621204
0.877071,0.257149
0.892514,0.346843
0.261452,0.973968
0.951872,0.79458
0.778527,0.478896
0.0359813,0.159429
0.45967,0.899808
0.412793,0.425275
0.33256,0.342998
0.313761,0.549394
0.124943,0.59566
0.525163,0.665853
0.351665,0.76986
0.893796,0.446699
0.420759,0.929899
0.16306,0.0658895
0.361736,0.218879
0.444105,0.583026
0.494949,0.710868
0.473037,0.952116
0.307688,0.759575
0.889309,0.730735
0.683798,0.946013
0.100986,0.42613
0.957671,0.0591754
0.907651,0.982635
0.991485,0.727866
0.0814234,0.481094
0.976959,0.364208
0.593371,0.296426
0.869289,0.826594
0.838923,0.0793176
0.202124,0.699423
0.681722,0.446883
0.917722,0.135441
0.919889,0.73101
0.573199,0.450087
0.130131,0.833491
0.10477,0.958312
0.969665,0.093173
0.653768,0.516984
0.214942,0.29487
0.0909757,0.703177
0.462935,0.845241
0.958342,0.235328
0.18067,0.141209
0.534074,0.723289
0.15949,0.757561
0.307688,0.95529
0.733451,0.858425
0.434919,0.561327
0.578936,0.758965
0.782739,0.527299
0.459395,0.779168
0.0108646,0.532212
0.426466,0.399701
0.701315,0.346263
0.547502,0.38496
0.0950957,0.842036
0.687399,0.498672
0.870907,0.845149
0.230995,0.857173
0.898343,0.721335
0.291177,0.720634
0.0339366,0.536485
0.394238,0.4991
0.832118,0.842677
0.351146,0.475967
0.303293,0.140934
0.308054,0.452315
0.932463,0.992523
0.171056,0.609943
0.710776,0.994049
0.913511,0.353893
0.219398,0.709769
0.216803,0.815455
0.361278,0.449416
0.734916,0.905271
0.938078,0.826655
0.0161443,0.642872
0.0202948,0.0723289
0.533708,0.714408
0.800012,0.917203
0.750969,0.224738
0.0674764,0.435987
0.451521,0.848292
0.826563,0.384259
0.353954,0.659352
0.414136,0.28843
0.00506607,0.574511
0.968871,0.702414
0.909299,0.547502
0.496078,0.421339
0.904508,0.652791
0.708884,0.769982
0.0772118,0.992126
0.513749,0.395581
0.802332,0.867397
0.0749535,0.665761
0.261574,0.275399
0.591021,0.0224006
0.17954,0.785119
0.514023,0.386181
0.345042,0.714896
0.968871,0.282388
0.112674,0.374096
0.971923,0.496475
0.0185247,0.00900296
0.10715,0.187964
0.0132756,0.833796
0.434919,0.100558
0.83224,0.0522782
0.796136,0.368419
0.647969,0.664724
0.57506,0.736137
0.262612,0.308542
0.7257,0.929716
0.426862,0.85049
0.919919,0.910245
0.650166,0.691427
0.678701,0.780084
0.74105,0.166204
0.687429,0.943754
0.586779,0.492416
0.194769,0.536454
0.275826,0.806848
0.671468,0.198279
0.64037,0.691122
0.0941496,0.77691
0.153722,0.124668
0.472396,0.84994
0.004944,0.563494
0.889065,0.799676
0.868892,0.184576
0.376507,0.662465
0.0246895,0.779778
0.585315,0.246803
0.00183111,0.617939
0.992187,0.571581
0.614277,0.258187
0.460311,0.080813
0.205939,0.422285
0.92468,0.938108
0.567064,0.397473
0.93994,0.553606
0.778802,0.634419
0.619831,0.369701
0.45555,0.0536821
0.776543,0.177648
0.232398,0.742698
0.154668,0.0254219
0.777764,0.416303
0.78811,0.0986663
0.899747,0.9035
0.703146,0.107852
0.689291,0.765648
0.918271,0.753166
0.175817,0.0986663
0.569781,0.730613
0.616443,0.397198
0.891964,0.385357
0.189734,0.221992
0.994324,0.172246
0.793481,0.0827052
0.803583,0.593921
0.981445,0.130985
0.604694,0.671621
0.284371,0.778191
0.896725,0.974731
0.918119,0.0823695
0.329539,0.0489212
0.217353,0.518235
0.0639363,0.839534
0.573901,0.797754
0.479141,0.30781
0.348643,0.127323
0.225043,0.514206
0.345134,0.895718
0.685781,0.194739
0.756188,0.514969
0.207068,0.675954
0.287759,0.139775
0.232459,0.171239
0.476547,0.203253
0.993866,0.813623
0.824854,0.568957
0.58269,0.104465
0.414045,0.0439161
0.943815,0.446852
0.0153813,0.0796228
0.231361,0.893551
0.0609455,0.387738
0.152684,0.629902
0.33372,0.413831
0.418226,0.0629597
0.722465,0.765038
0.216193,0.749626
0.524522,0.296274
0.598773,0.0110782
0.908933,0.221503
0.66802,0.987579
0.725425,0.467177
0.383892,0.214454
0.623798,0.147008
0.405469,0.133061
0.996673,0.586993
0.865078,0.443403
0.269875,0.561754
0.91757,0.194922
0.124149,0.189886
0.919675,0.214118
0.353893,0.481613
0.737083,0.460585
0.572375,0.560656
0.886685,0.0156255
0.689932,0.262581
0.0183416,0.644154
0.775292,0.32725
0.820582,0.313364
0.317698,0.275185
0.461715,0.63329
0.386456,0.793268
0.976928,0.76223
0.567064,0.439528
0.538804,0.0295724
0.0260018,0.92935
0.43614,0.0253609
0.497269,0.5627
0.989319,0.924619
0.0858181,0.40788
0.945524,0.792077
0.794458,0.101993
0.577654,0.715018
0.764428,0.750725
0.684439,0.0734581
0.576312,0.739128
0.535295,0.0287179
0.334208,0.994263
0.450545,0.188391
0.719626,0.994324
0.701559,0.0243538
0.839564,0.613575
0.866268,0.829005
0.986023,0.134892
0.384777,0.142064
0.677541,0.794855
0.248268,0.258187
0.0349132,0.978149
0.495865,0.117405
0.0529801,0.902493
0.783563,0.182257
0.537217,0.8558
0.97998,0.741447
0.461287,0.451704
0.68096,0.331034
0.480636,0.595325
0.14948,0.191748
0.775903,0.398022
0.687613,0.756462
0.33842,0.277993
0.377422,0.722434
0.25959,0.514389
0.938292,0.758904
0.00848415,0.413526
0.377636,0.0316782
0.497085,0.682211
0.795801,0.278024
0.663228,0.190619
0.621021,0.0487381
0.622791,0.106296
0.816767,0.0431837
0.444777,0.619312
0.444105,0.502914
0.579363,0.570788
0.3802,0.671041
0.431318,0.940672
0.315744,0.838221
0.374523,0.706412
0.160375,0.174383
0.0217902,0.260628
0.458663,0.79693
0.861599,0.832698
0.747917,0.209265
0.597522,0.210639
0.304697,0.674795
0.0845363,0.213996
0.887387,0.825098
0.170385,0.774834
0.473891,0.977386
0.449934,0.990356
0.814844,0.00570696
0.781304,0.876461
0.495956,0.251045
0.000946074,0.727683
0.438307,0.193426
0.321085,0.530778
0.354289,0.888852
0.187536,0.165532
0.961699,0.970794
0.293435,0.869808
0.361492,0.396008
0.493515,0.25721
0.979217,0.0166326
0.00253304,0.766594
0.227241,0.79339
0.821894,0.118625
0.933927,0.839534
0.642079,0.347636
0.273232,0.696249
0.902463,0.181127
0.374126,0.537645
0.426832,0.620411
0.599902,0.887448
0.0661031,0.27543
0.68392,0.834132
0.808679,0.117466
0.827265,0.833369
0.452254,0.276803
0.792261,0.316477
0.0351573,0.662252
0.0724509,0.000732444
0.886105,0.637257
0.507859,0.636616
0.305399,0.752831
0.802118,0.954314
0.117618,0.0487686
0.820795,0.355296
0.824091,0.850368
0.0751671,0.64388
0.28016,0.275887
0.951292,0.519822
0.0243233,0.3202
0.69805,0.629109
0.159246,0.287759
0.33726,0.100803
0.354167,0.303507
0.685537,0.256081
0.667898,0.238899
0.911161,0.0134281
0.0173345,0.881619
0.439375,0.319498
0.499893,0.906064
0.261574,0.101871
0.606922,0.344157
0.166967,0.167882
0.878658,0.119968
0.732353,0.527818
0.160283,0.783715
0.607654,0.87875
0.506729,0.0670492
0.263131,0.588763
0.691183,0.359325
0.383404,0.398816
0.630238,0.453139
0.929319,0.959258
0.358501,0.609241
0.712607,0.901334
0.462355,0.890713
0.992828,0.876919
0.972381,0.994659
0.265297,0.991821
0.897702,0.347667
0.110935,0.0203253
0.159337,0.0934782
0.836909,0.248939
0.763268,0.605823
0.874386,0.16718
0.851466,0.795618
0.0299997,0.94116
0.899319,0.5056
0.43379,0.429701
0.886776,0.821314
0.452223,0.339824
0.323069,0.0659505
0.21131,0.746452
0.798212,0.590625
0.859828,0.973663
0.282632,0.304941
0.00997955,0.33021
0.267922,0.776879
0.254677,0.169866
0.147771,0.149937
0.366405,0.430036
0.632801,0.910031
0.243294,0.0976592
0.885281,0.0304575
0.946898,0.386547
0.324564,0.0852687
0.52916,0.676717
0.338206,0.280068
0.0205084,0.442091
0.0136418,0.547685
0.6245,0.903378
0.75634,0.429731
0.341197,0.730064
0.577776,0.396283
0.415448,0.291482
0.680654,0.787896
0.812769,0.932463
0.351848,0.99762
0.413312,0.386883
0.191748,0.0341807
0.758446,0.445784
0.376415,0.0904874
0.134465,0.159154
0.813135,0.74398
0.404126,0.946867
0.446822,0.814753
0.35728,0.816431
0.41905,0.250679
0.613422,0.630482
0.0736106,0.850368
0.252876,0.155065
0.696219,0.148381
0.912809,0.375378
0.88348,0.616443
0.93173,0.293497
0.846644,0.818567
0.0404981,0.0360729
0.0757164,0.220283
0.979217,0.88995
0.640767,0.622272
0.635182,0.0162664
0.754662,0.0309153
0.911252,0.0204779
0.145665,0.528001
0.861415,0.451766
0.897,0.509415
0.706015,0.717704
0.154271,0.839351
0.162877,0.590075
0.777764,0.73867
0.679708,0.636433
0.349559,0.310129
0.0459914,0.254341
0.112796,0.687216
0.179876,0.699515
0.455763,0.843226
0.586413,0.950835
0.393658,0.821986
0.201636,0.34257
0.724021,0.424604
0.0874966,0.513199
0.751,0.629261
0.422895,0.279458
0.874874,0.185675
0.00650044,0.480941
0.610065,0.178533
0.22367,0.0852077
0.481582,0.676992
0.147435,0.0119938
0.504318,0.0192572
0.963988,0.402905
0.60741,0.796411
0.205115,0.0761742
0.807337,0.344737
0.515091,0.350566
0.338359,0.374035
0.759789,0.943999
0.409345,0.74752
0.548906,0.291208
0.0724204,0.424757
0.43733,0.163305
0.982665,0.147099
0.660482,0.762566
0.434095,0.0885952
0.687979,0.685385
0.0499893,0.835658
0.0196539,0.260506
0.0517594,0.944792
0.853236,0.17304
0.782861,0.222358
0.884671,0.685049
0.11655,0.210517
0.727592,0.252327
0.536851,0.188849
0.649373,0.346233
0.413038,0.488815
0.538255,0.0960723
0.456862,0.220038
0.386059,0.599933
0.969207,0.58565
0.191076,0.263253
0.761101,0.485244
0.040315,0.532212
0.199805,0.407056
0.422101,0.147618
0.0477309,0.877071
0.849574,0.198004
0.286325,0.503067
0.439589,0.446211
0.620991,0.0693991
0.665304,0.702658
0.271554,0.0500809
0.368786,0.000976592
0.869594,0.0458388
0.911466,0.479141
0.347819,0.194311
0.0963164,0.988708
0.539262,0.264138
0.150487,0.294137
0.308329,0.573779
0.302408,0.852596
0.855739,0.320414
0.302286,0.0787072
0.393933,0.886532
0.173254,0.873592
0.983947,0.483261
0.345408,0.526658
0.145268,0.018067
0.54912,0.170843
0.823328,0.89938
0.0862453,0.147221
0.920499,0.197729
0.951048,0.131901
0.836604,0.709342
0.124546,0.758934
0.0630818,0.0785852
0.821406,0.407178
0.218055,0.0369579
0.731895,0.275094
0.576861,0.575701
0.0850856,0.560076
0.141545,0.251442
0.801996,0.324503
0.0141911,0.296274
0.828272,0.376995
0.508408,0.395215
0.865841,0.562761
0.689596,0.957152
0.000396741,0.855495
0.31489,0.580493
0.292184,0.565661
0.527451,0.385815
0.0177618,0.00503555
0.832392,0.676168
0.540513,0.155919
0.415479,0.232307
0.966124,0.051973
0.376171,0.238197
0.586535,0.659627
0.924192,0.921293
0.368084,0.712119
0.0595721,0.0348216
0.386914,0.45674
0.861141,0.233711
0.817805,0.5721
0.338908,0.956664
0.255623,0.450575
0.341655,0.259957
0.654958,0.498733
0.591327,0.560442
0.726218,0.682333
0.757347,0.958617
0.650868,0.431898
0.612354,0.00842311
0.496048,0.917142
0.859645,0.010773
0.484481,0.061861
0.366253,0.678274
0.281899,0.280526
0.184271,0.10593
0.878109,0.517472
0.554552,0.118198
0.285623,0.760125
0.18009,0.943602
0.409101,0.149876
0.600909,0.447554
0.652821,0.337168
0.53206,0.756645
0.126621,0.53856
0.191351,0.554155
0.984344,0.0711081
0.566088,0.54503
0.183081,0.956999
0.15479,0.19187
0.670797,0.124943
0.692373,0.431928
0.934965,0.370495
0.303934,0.556475
0.1171,0.0485244
0.115513,0.920408
0.500565,0.291055
0.566851,0.0964385
0.249184,0.606677
0.303873,0.634053
0.113651,0.236854
0.730155,0.0740989
0.623676,0.807031
0.00540178,0.0951872
0.624958,0.261635
0.451888,0.992431
0.777947,0.91641
0.882107,0.317484
0.987396,0.446272
0.288156,0.286081
0.46321,0.571551
0.166784,0.0447401
0.499924,0.414472
0.72512,0.838374
0.333293,0.436445
0.454634,0.962432
0.215857,0.230445
0.0522782,0.795099
0.347911,0.0225837
0.268349,0.0715354
0.226936,0.014069
0.347514,0.176519
0.925413,0.40727
0.743919,0.1554
0.123386,0.984741
0.344951,0.0434584
0.533891,0.443617
0.650227,0.615833
0.917051,0.183691
0.0635395,0.99939
0.355541,0.564257
0.643605,0.36195
0.373943,0.647053
0.946562,0.794794
0.565935,0.542711
0.816767,0.401929
0.331553,0.695334
0.907041,0.703299
0.0256661,0.646504
0.494186,0.473952
0.258309,0.806391
0.964049,0.0281381
0.156438,0.875057
0.235817,0.189642
0.981414,0.969848
0.522629,0.54384
0.152501,0.711844
0.507767,0.523637
0.712516,0.741417
0.514145,0.503189
0.704764,0.570299
0.630482,0.15009
0.256478,0.0219428
0.289376,0.197729
0.429975,0.166265
0.13538,0.330638
0.630604,0.623981
0.0335093,0.61446
0.579058,0.167272
0.637806,0.788293
0.492203,0.910154
0.395856,0.935942
0.804773,0.758538
0.310862,0.301859
0.905484,0.551317
0.374462,0.368542
0.504257,0.914792
0.898679,0.821009
0.637654,0.504349
0.442915,0.975494
0.144444,0.382122
0.521256,0.413434
0.615955,0.302225
0.370098,0.294961
0.893948,0.804498
0.536149,0.742668
0.46379,0.950591
0.989196,0.381878
0.325694,0.678518
0.531175,0.34904
0.45146,0.802637
0.574541,0.957823
0.222205,0.161504
0.692618,0.809839
0.748314,0.645466
0.609912,0.971191
0.0773034,0.787683
0.345592,0.980346
0.66393,0.254982
0.593829,0.890255
0.65389,0.582995
0.470016,0.433119
0.390484,0.981536
0.822565,0.178961
0.376934,0.459792
0.983459,0.297433
0.715781,0.800592
0.524338,0.191351
0.413617,0.0272225
0.179998,0.92114
0.524308,0.334605
0.766656,0.520524
0.388714,0.659597
0.734886,0.56444
0.435499,0.403302
0.0162358,0.547655
0.344523,0.0685751
0.271493,0.817957
0.299448,0.659597
0.199927,0.640675
0.806787,0.220618
0.514969,0.392529
0.795312,0.730399
0.848598,0.774468
0.491775,0.479629
0.83816,0.130436
0.321818,0.584643
0.368572,0.664754
0.82815,0.502579
0.210181,0.485458
0.141118,0.144078
0.940031,0.019776
0.578173,0.12183
0.111972,0.918119
0.890378,0.954894
0.815302,0.357494
0.757042,0.122501
0.0543535,0.757195
0.253517,0.276223
0.417859,0.699728
0.856349,0.207312
0.942198,0.778527
0.969329,0.580859
0.668935,0.542009
0.769372,0.636311
0.493789,0.0152287
0.683676,0.55385
0.893551,0.380871
0.374371,0.827784
0.320261,0.454726
0.366527,0.996673
0.150029,0.90643
0.587939,0.138798
0.397443,0.354411
0.916501,0.814112
0.99881,0.175207
0.88113,0.73629
0.525651,0.775719
0.0271615,0.220771
0.825465,0.314158
0.249458,0.061037
0.92877,0.609668
0.746422,0.822382
0.637898,0.968963
0.0145573,0.249672
0.997345,0.850734
0.563829,0.640614
0.99707,0.00204474
0.983856,0.354259
0.573351,0.881405
0.399274,0.78576
0.436354,0.477889
0.0615558,0.863338
0.958251,0.677725
0.254036,0.617023
0.298074,0.537492
0.367748,0.746055
0.833522,0.979247
0.160436,0.518571
0.888577,0.314219
0.881741,0.0412915
0.462142,0.0245674
0.0847194,0.0854213
0.261208,0.55736
0.725669,0.157506
0.454756,0.253609
0.41023,0.78225
0.159642,0.656941
0.396893,0.571703
0.586322,0.142644
0.0787683,0.809626
0.683798,0.605029
0.482009,0.723533
0.0613117,0.92758
0.182562,0.766442
0.436384,0.279672
0.132511,0.175604
0.0324412,0.421766
0.374279,0.457686
0.541704,0.413648
0.208594,0.0594806
0.24247,0.697409
0.814997,0.681112
0.465621,0.98587
0.78985,0.901303
0.209815,0.516312
0.995727,0.603046
0.943602,0.73394
0.380932,0.202857
0.225593,0.57506
0.634144,0.077456
0.636738,0.604114
0.0899991,0.292764
0.977111,0.163732
0.662801,0.56798
0.795587,0.274789
0.691824,0.89581
0.886898,0.414106
0.0826746,0.917722
0.69747,0.458052
0.520493,0.77456
0.337352,0.678396
0.679067,0.792505
0.0462661,0.736229
0.773339,0.505325
0.489212,0.0732749
0.50972,0.893246
0.524583,0.394543
0.273141,0.54088
0.312723,0.998871
0.175359,0.516068
0.436201,0.0556658
0.664052,0.178381
0.364483,0.863826
0.46437,0.611469
0.110477,0.182897
0.123753,0.446364
0.312723,0.0171209
0.559313,0.0732749
0.291391,0.848567
0.262307,0.410199
0.562456,0.728843
0.578692,0.933042
0.220557,0.450148
0.14301,0.572497
0.575823,0.569903
0.00750755,0.57625
0.129887,0.212653
0.0861538,0.0360424
0.696036,0.304483
0.874294,0.745232
0.249672,0.157628
0.569262,0.0666829
0.267281,0.374279
0.71746,0.470565
0.48088,0.260659
0.805841,0.550127
0.0243538,0.155126
0.98761,0.752159
0.639851,0.764092
0.995819,0.983673
0.680624,0.0751976
0.321451,0.400433
0.247108,0.105686
0.754631,0.0677206
0.392987,0.320444
0.53798,0.00369274
0.353893,0.203894
0.629139,0.266121
0.0557268,0.152532
0.58037,0.769494
0.131504,0.67745
0.183142,0.141545
0.274239,0.37788
0.376476,0.766503
0.00695822,0.891201
0.491012,0.192907
0.355083,0.440809
0.00173956,0.969604
0.324656,0.305399
0.880245,0.363414
0.433241,0.411054
0.69097,0.684255
0.568468,0.588336
0.976684,0.310129
0.888241,0.402478
0.595904,0.871975
0.556749,0.410443
0.617054,0.973418
0.63863,0.00650044
0.920804,0.213172
0.498764,0.287729
0.986389,0.560076
0.0539567,0.877163
0.508408,0.469985
0.943022,0.924314
0.343822,0.383099
0.633229,0.367687
0.460128,0.885983
0.486221,0.546922
0.129398,0.000824
0.303476,0.87054
0.555528,0.445143
0.289987,0.398389
0.88638,0.560411
0.415967,0.0310373
0.462752,0.546983
0.819971,0.409436
0.521653,0.981262
0.593738,0.953703
0.264046,0.909391
0.429762,0.386151
0.39787,0.165288
0.857295,0.281137
0.337992,0.348521
0.492233,0.128086
0.142705,0.259407
0.454299,0.892758
0.660573,0.250984
0.189184,0.947233
0.499191,0.128971
0.72042,0.909665
0.197821,0.644978
0.167058,0.312449
0.166173,0.255745
0.0881985,0.262185
0.378643,0.312449
0.154057,0.038789
0.210486,0.215339
0.790063,0.617084
0.469893,0.306467
0.531236,0.052797
0.710959,0.480972
0.52501,0.658376
0.631001,0.35255
0.133457,0.906064
0.987243,0.1583
0.147191,0.892148
0.220038,0.670827
0.727165,0.319407
0.82638,0.989959
0.17716,0.706198
0.252541,0.361339
0.17478,0.474441
0.619739,0.763543
0.298776,0.849391
0.409497,0.18479
0.316172,0.128544
0.003296,0.496139
0.193213,0.641835
0.912595,0.706198
0.471572,0.0149541
0.0190435,0.145146
0.567309,0.635365
0.228401,0.298654
0.285867,0.982971
0.400769,0.868831
0.34431,0.201117
0.821406,0.62038
0.811914,0.635395
0.257454,0.651936
0.483627,0.611896
0.812403,0.867794
0.963561,0.666189
0.393963,0.908322
0.164037,0.772271
0.536943,0.506943
0.499863,0.142521
0.989563,0.387188
0.869137,0.464919
0.273965,0.739311
0.618122,0.426313
0.29191,0.383221
0.123661,0.910184
0.419355,0.152806
0.654103,0.0202643
0.274117,0.934233
0.723838,0.970336
0.338176,0.939695
0.219428,0.215674
0.830012,0.00598163
0.416852,0.164159
0.165716,0.0771508
0.360149,0.435408
0.095645,0.947386
0.395154,0.214759
0.00335704,0.555284
0.620197,0.269234
0.0756859,0.610309
0.640309,0.868954
0.118168,0.166997
0.305063,0.817988
0.445845,0.836787
0.444655,0.980529
0.62389,0.168645
0.0890835,0.28193
0.0233772,0.234626
0.557939,0.0752892
0.76339,0.781854
0.780572,0.445265
0.505112,0.32667
0.836299,0.643361
0.868648,0.103
0.987823,0.666097
0.465651,0.574053
0.421552,0.795892
0.0294809,0.172002
0.227149,0.752647
0.270333,0.993133
0.51033,0.350078
0.845882,0.574694
0.734611,0.752831
0.370647,0.13422
0.276345,0.785699
0.500626,0.0737632
0.0295724,0.240455
0.629139,0.340617
0.173986,0.810419
0.772912,0.17658
0.81344,0.827937
0.17835,0.847682
0.237892,0.844264
0.668874,0.803369
0.568773,0.264504
0.747154,0.156743
0.325907,0.668325
0.82519,0.477523
0.301706,0.64452
0.137425,0.0566729
0.998566,0.7051
0.189154,0.405957
0.0129093,0.169561
0.71511,0.0358287
0.865017,0.920377
0.711783,0.260628
0.617237,0.664998
0.732322,0.334941
0.344188,0.764214
0.543016,0.0311289
0.00366222,0.017243
0.79635,0.834895
0.917173,0.366131
0.161748,0.500381
0.512162,0.373028
0.512162,0.69631
0.152409,0.0456252
0.114872,0.317972
0.558672,0.122806
0.198859,0.359691
0.652821,0.695486
0.47441,0.222053
0.635701,0.931669
0.733604,0.136204
0.345225,0.546678
0.979095,0.478957
0.357982,0.924436
0.990936,0.274606
0.786248,0.544084
0.962066,0.00558489
0.27488,0.668355
0.784326,0.284127
0.126499,0.335093
0.564776,0.483108
0.4279,0.170904
0.772179,0.738517
0.766686,0.0988189
0.33018,0.530045
0.591327,0.135533
0.0142521,0.10181
0.0385754,0.921964
0.487838,0.991485
0.785424,0.94174
0.853908,0.721152
0.215827,0.822932
0.704154,0.113102
0.325846,0.690268
0.630482,0.822413
0.443739,0.323771
0.0630818,0.840785
0.769585,0.847041
0.17954,0.617054
0.0718711,0.023133
0.107517,0.326762
0.423322,0.566332
0.599292,0.540788
0.425886,0.891232
0.708182,0.137608
0.236915,0.0996429
0.998016,0.732017
0.700949,0.38084
0.265877,0.474624
0.453475,0.743461
0.0434889,0.299417
0.464919,0.806635
0.944456,0.442091
0.829249,0.0342418
0.859951,0.0762352
0.379955,0.755669
0.486343,0.0535905
0.154912,0.948759
0.777581,0.980316
0.236335,0.334361
0.915311,0.463088
0.833918,0.484756
0.476302,0.0606708
0.177587,0.767388
0.987823,0.0735801
0.265542,0.743767
0.940672,0.922483
0.915616,0.453566
0.285867,0.497085
0.209021,0.230232
0.831996,0.984588
0.565874,0.52031
0.189673,0.202338
0.882168,0.63976
0.385998,0.831019
0.241188,0.892087
0.035432,0.133366
0.275369,0.836116
0.776574,0.292093
0.742973,0.401776
0.937742,0.998321
0.93234,0.202673
0.57033,0.889401
0.439955,0.182562
0.856014,0.304605
0.937468,0.284799
0.745781,0.963195
0.433851,0.958953
0.193152,0.85519
0.155614,0.404614
0.00347911,0.537828
0.420484,0.625568
0.59859,0.183142
0.857509,0.0154424
0.359294,0.159825
0.500076,0.345317
0.762169,0.827448
0.14069,0.120273
0.722831,0.458327
0.221839,0.672658
0.180731,0.388287
0.513688,0.472549
0.899319,0.0905484
0.606342,0.297952
0.964538,0.122501
0.427961,0.59154
0.120273,0.188147
0.800104,0.149205
0.292978,0.239906
0.07828,0.696829
0.0195624,0.331584
0.0687277,0.598651
0.953917,0.107089
0.455336,0.790094
0.447401,0.533586
0.0746178,0.0611591
0.303415,0.0721152
0.0127567,0.4944
0.599536,0.911557
0.345134,0.177526
0.920957,0.996155
0.844172,0.613239
0.337077,0.419385
0.817652,0.420423
0.386486,0.331706
0.490646,0.526414
0.704001,0.070864
0.0589618,0.611682
0.168523,0.124821
0.931669,0.537522
0.435102,0.0869167
0.250496,0.246986
0.673482,0.153386
0.481368,0.234718
0.480636,0.507736
0.564867,0.636921
0.111881,0.733451
0.124363,0.113956
0.483718,0.0484939
0.22129,0.939238
0.987762,0.775353
0.863155,0.273446
0.0740379,0.593463
0.675741,0.460982
0.0141301,0.789972
0.122837,0.1489
0.811121,0.496231
0.889157,0.706168
0.750053,0.23191
0.0522782,0.5197
0.151738,0.165868
0.659444,0.185278
0.466506,0.933012
0.472671,0.603839
0.973815,0.820276
0.763146,0.426252
0.0691244,0.980773
0.425092,0.645405
0.71102,0.49144
0.386212,0.394177
0.0648213,0.327433
0.627277,0.90466
0.207404,0.838801
0.0155034,0.324534
